   4.0811026e+01  -7.7868698e+01
   4.0811031e+01  -7.7868674e+01
   4.0811036e+01  -7.7868650e+01
   4.0811041e+01  -7.7868626e+01
   4.0811045e+01  -7.7868602e+01
   4.0811049e+01  -7.7868578e+01
   4.0811052e+01  -7.7868554e+01
   4.0811056e+01  -7.7868530e+01
   4.0811059e+01  -7.7868506e+01
   4.0811061e+01  -7.7868482e+01
   4.0811064e+01  -7.7868459e+01
   4.0811066e+01  -7.7868435e+01
   4.0811068e+01  -7.7868411e+01
   4.0811070e+01  -7.7868388e+01
   4.0811071e+01  -7.7868364e+01
   4.0811073e+01  -7.7868341e+01
   4.0811074e+01  -7.7868317e+01
   4.0811075e+01  -7.7868294e+01
   4.0811076e+01  -7.7868271e+01
   4.0811077e+01  -7.7868248e+01
   4.0811078e+01  -7.7868225e+01
   4.0811079e+01  -7.7868202e+01
   4.0811079e+01  -7.7868179e+01
   4.0811080e+01  -7.7868156e+01
   4.0811080e+01  -7.7868133e+01
   4.0811080e+01  -7.7868111e+01
   4.0811078e+01  -7.7868088e+01
   4.0811076e+01  -7.7868066e+01
   4.0811073e+01  -7.7868044e+01
   4.0811070e+01  -7.7868021e+01
   4.0811065e+01  -7.7867999e+01
   4.0811061e+01  -7.7867977e+01
   4.0811055e+01  -7.7867955e+01
   4.0811049e+01  -7.7867933e+01
   4.0811043e+01  -7.7867911e+01
   4.0811035e+01  -7.7867889e+01
   4.0811028e+01  -7.7867868e+01
   4.0811020e+01  -7.7867846e+01
   4.0811012e+01  -7.7867824e+01
   4.0811003e+01  -7.7867802e+01
   4.0810994e+01  -7.7867781e+01
   4.0810985e+01  -7.7867759e+01
   4.0810976e+01  -7.7867738e+01
   4.0810966e+01  -7.7867716e+01
   4.0810957e+01  -7.7867694e+01
   4.0810947e+01  -7.7867673e+01
   4.0810937e+01  -7.7867651e+01
   4.0810927e+01  -7.7867630e+01
   4.0810917e+01  -7.7867608e+01
   4.0810907e+01  -7.7867586e+01
   4.0810897e+01  -7.7867565e+01
   4.0810888e+01  -7.7867543e+01
   4.0810878e+01  -7.7867521e+01
   4.0810869e+01  -7.7867499e+01
   4.0810860e+01  -7.7867478e+01
   4.0810851e+01  -7.7867456e+01
   4.0810843e+01  -7.7867434e+01
   4.0810834e+01  -7.7867412e+01
   4.0810826e+01  -7.7867390e+01
   4.0810819e+01  -7.7867368e+01
   4.0810812e+01  -7.7867346e+01
   4.0810806e+01  -7.7867323e+01
   4.0810800e+01  -7.7867301e+01
   4.0810794e+01  -7.7867279e+01
   4.0810790e+01  -7.7867256e+01
   4.0810785e+01  -7.7867234e+01
   4.0810782e+01  -7.7867211e+01
   4.0810779e+01  -7.7867188e+01
   4.0810777e+01  -7.7867165e+01
   4.0810776e+01  -7.7867142e+01
   4.0810775e+01  -7.7867118e+01
   4.0810775e+01  -7.7867094e+01
   4.0810774e+01  -7.7867070e+01
   4.0810773e+01  -7.7867047e+01
   4.0810771e+01  -7.7867024e+01
   4.0810768e+01  -7.7867002e+01
   4.0810763e+01  -7.7866979e+01
   4.0810758e+01  -7.7866957e+01
   4.0810751e+01  -7.7866935e+01
   4.0810744e+01  -7.7866913e+01
   4.0810736e+01  -7.7866892e+01
   4.0810728e+01  -7.7866870e+01
   4.0810720e+01  -7.7866848e+01
   4.0810711e+01  -7.7866827e+01
   4.0810702e+01  -7.7866805e+01
   4.0810693e+01  -7.7866784e+01
   4.0810684e+01  -7.7866762e+01
   4.0810676e+01  -7.7866741e+01
   4.0810668e+01  -7.7866719e+01
   4.0810660e+01  -7.7866698e+01
   4.0810652e+01  -7.7866676e+01
   4.0810644e+01  -7.7866653e+01
   4.0810636e+01  -7.7866630e+01
   4.0810627e+01  -7.7866607e+01
   4.0810617e+01  -7.7866583e+01
   4.0810607e+01  -7.7866559e+01
   4.0810598e+01  -7.7866535e+01
   4.0810588e+01  -7.7866511e+01
   4.0810577e+01  -7.7866487e+01
   4.0810567e+01  -7.7866463e+01
   4.0810557e+01  -7.7866439e+01
   4.0810547e+01  -7.7866415e+01
   4.0810537e+01  -7.7866391e+01
   4.0810528e+01  -7.7866368e+01
   4.0810519e+01  -7.7866345e+01
   4.0810510e+01  -7.7866322e+01
   4.0810501e+01  -7.7866300e+01
   4.0810493e+01  -7.7866278e+01
   4.0810486e+01  -7.7866256e+01
   4.0810479e+01  -7.7866236e+01
   4.0810473e+01  -7.7866216e+01
   4.0810468e+01  -7.7866197e+01
   4.0810463e+01  -7.7866178e+01
   4.0810460e+01  -7.7866161e+01
   4.0810457e+01  -7.7866144e+01
   4.0810456e+01  -7.7866128e+01
   4.0810455e+01  -7.7866114e+01
   4.0810456e+01  -7.7866100e+01
   4.0810459e+01  -7.7866087e+01
   4.0810464e+01  -7.7866075e+01
   4.0810470e+01  -7.7866063e+01
   4.0810479e+01  -7.7866051e+01
   4.0810488e+01  -7.7866040e+01
   4.0810500e+01  -7.7866030e+01
   4.0810512e+01  -7.7866020e+01
   4.0810526e+01  -7.7866010e+01
   4.0810542e+01  -7.7866001e+01
   4.0810558e+01  -7.7865992e+01
   4.0810576e+01  -7.7865983e+01
   4.0810595e+01  -7.7865975e+01
   4.0810614e+01  -7.7865967e+01
   4.0810635e+01  -7.7865959e+01
   4.0810656e+01  -7.7865952e+01
   4.0810678e+01  -7.7865945e+01
   4.0810701e+01  -7.7865938e+01
   4.0810724e+01  -7.7865931e+01
   4.0810748e+01  -7.7865924e+01
   4.0810772e+01  -7.7865917e+01
   4.0810796e+01  -7.7865911e+01
   4.0810821e+01  -7.7865904e+01
   4.0810846e+01  -7.7865898e+01
   4.0810871e+01  -7.7865891e+01
   4.0810895e+01  -7.7865885e+01
   4.0810920e+01  -7.7865878e+01
   4.0810945e+01  -7.7865872e+01
   4.0810969e+01  -7.7865865e+01
   4.0810993e+01  -7.7865858e+01
   4.0811017e+01  -7.7865851e+01
   4.0811040e+01  -7.7865844e+01
   4.0811062e+01  -7.7865837e+01
   4.0811084e+01  -7.7865829e+01
   4.0811105e+01  -7.7865822e+01
   4.0811125e+01  -7.7865814e+01
   4.0811145e+01  -7.7865805e+01
   4.0811163e+01  -7.7865797e+01
   4.0811180e+01  -7.7865788e+01
   4.0811196e+01  -7.7865778e+01
   4.0811211e+01  -7.7865769e+01
   4.0811225e+01  -7.7865758e+01
   4.0811237e+01  -7.7865748e+01
   4.0811248e+01  -7.7865737e+01
   4.0811257e+01  -7.7865725e+01
   4.0811265e+01  -7.7865713e+01
   4.0811271e+01  -7.7865700e+01
   4.0811275e+01  -7.7865687e+01
   4.0811277e+01  -7.7865673e+01
   4.0811277e+01  -7.7865659e+01
   4.0811276e+01  -7.7865642e+01
   4.0811272e+01  -7.7865624e+01
   4.0811266e+01  -7.7865604e+01
   4.0811259e+01  -7.7865582e+01
   4.0811252e+01  -7.7865560e+01
   4.0811243e+01  -7.7865537e+01
   4.0811233e+01  -7.7865513e+01
   4.0811224e+01  -7.7865489e+01
   4.0811214e+01  -7.7865465e+01
   4.0811204e+01  -7.7865441e+01
   4.0811195e+01  -7.7865417e+01
   4.0811187e+01  -7.7865395e+01
   4.0811180e+01  -7.7865373e+01
   4.0811172e+01  -7.7865351e+01
   4.0811165e+01  -7.7865329e+01
   4.0811158e+01  -7.7865307e+01
   4.0811151e+01  -7.7865286e+01
   4.0811143e+01  -7.7865264e+01
   4.0811136e+01  -7.7865242e+01
   4.0811129e+01  -7.7865220e+01
   4.0811122e+01  -7.7865199e+01
   4.0811115e+01  -7.7865177e+01
   4.0811107e+01  -7.7865155e+01
   4.0811100e+01  -7.7865133e+01
   4.0811093e+01  -7.7865112e+01
   4.0811086e+01  -7.7865090e+01
   4.0811078e+01  -7.7865068e+01
   4.0811071e+01  -7.7865046e+01
   4.0811064e+01  -7.7865025e+01
   4.0811057e+01  -7.7865003e+01
   4.0811049e+01  -7.7864981e+01
   4.0811042e+01  -7.7864959e+01
   4.0811035e+01  -7.7864938e+01
   4.0811028e+01  -7.7864916e+01
   4.0811020e+01  -7.7864894e+01
   4.0811013e+01  -7.7864872e+01
   4.0811006e+01  -7.7864851e+01
   4.0810999e+01  -7.7864829e+01
   4.0810992e+01  -7.7864807e+01
   4.0810984e+01  -7.7864785e+01
   4.0810977e+01  -7.7864764e+01
   4.0810970e+01  -7.7864742e+01
   4.0810963e+01  -7.7864720e+01
   4.0810955e+01  -7.7864698e+01
   4.0810948e+01  -7.7864677e+01
   4.0810941e+01  -7.7864655e+01
   4.0810934e+01  -7.7864633e+01
   4.0810927e+01  -7.7864611e+01
   4.0810919e+01  -7.7864590e+01
   4.0810912e+01  -7.7864568e+01
   4.0810905e+01  -7.7864546e+01
   4.0810898e+01  -7.7864524e+01
   4.0810891e+01  -7.7864503e+01
   4.0810883e+01  -7.7864481e+01
   4.0810876e+01  -7.7864459e+01
   4.0810869e+01  -7.7864437e+01
   4.0810862e+01  -7.7864416e+01
   4.0810855e+01  -7.7864394e+01
   4.0810847e+01  -7.7864372e+01
   4.0810840e+01  -7.7864350e+01
   4.0810833e+01  -7.7864329e+01
   4.0810826e+01  -7.7864307e+01
   4.0810819e+01  -7.7864285e+01
   4.0810811e+01  -7.7864263e+01
   4.0810804e+01  -7.7864241e+01
   4.0810797e+01  -7.7864220e+01
   4.0810790e+01  -7.7864198e+01
   4.0810783e+01  -7.7864176e+01
   4.0810776e+01  -7.7864154e+01
   4.0810768e+01  -7.7864133e+01
   4.0810761e+01  -7.7864111e+01
   4.0810754e+01  -7.7864089e+01
   4.0810747e+01  -7.7864067e+01
   4.0810740e+01  -7.7864045e+01
   4.0810733e+01  -7.7864024e+01
   4.0810726e+01  -7.7864002e+01
   4.0810718e+01  -7.7863980e+01
   4.0810711e+01  -7.7863958e+01
   4.0810704e+01  -7.7863936e+01
   4.0810697e+01  -7.7863914e+01
   4.0810690e+01  -7.7863893e+01
   4.0810683e+01  -7.7863871e+01
   4.0810676e+01  -7.7863849e+01
   4.0810669e+01  -7.7863827e+01
   4.0810662e+01  -7.7863805e+01
   4.0810655e+01  -7.7863783e+01
   4.0810648e+01  -7.7863762e+01
   4.0810641e+01  -7.7863740e+01
   4.0810634e+01  -7.7863718e+01
   4.0810627e+01  -7.7863696e+01
   4.0810620e+01  -7.7863674e+01
   4.0810613e+01  -7.7863652e+01
   4.0810606e+01  -7.7863630e+01
   4.0810599e+01  -7.7863609e+01
   4.0810592e+01  -7.7863587e+01
   4.0810585e+01  -7.7863565e+01
   4.0810577e+01  -7.7863543e+01
   4.0810570e+01  -7.7863521e+01
   4.0810563e+01  -7.7863499e+01
   4.0810556e+01  -7.7863477e+01
   4.0810549e+01  -7.7863456e+01
   4.0810542e+01  -7.7863434e+01
   4.0810535e+01  -7.7863412e+01
   4.0810528e+01  -7.7863390e+01
   4.0810521e+01  -7.7863368e+01
   4.0810514e+01  -7.7863346e+01
   4.0810507e+01  -7.7863325e+01
   4.0810500e+01  -7.7863303e+01
   4.0810492e+01  -7.7863281e+01
   4.0810485e+01  -7.7863259e+01
   4.0810478e+01  -7.7863238e+01
   4.0810471e+01  -7.7863216e+01
   4.0810464e+01  -7.7863194e+01
   4.0810456e+01  -7.7863172e+01
   4.0810449e+01  -7.7863150e+01
   4.0810442e+01  -7.7863126e+01
   4.0810436e+01  -7.7863102e+01
   4.0810429e+01  -7.7863077e+01
   4.0810423e+01  -7.7863051e+01
   4.0810417e+01  -7.7863024e+01
   4.0810411e+01  -7.7862997e+01
   4.0810405e+01  -7.7862969e+01
   4.0810399e+01  -7.7862941e+01
   4.0810393e+01  -7.7862913e+01
   4.0810387e+01  -7.7862884e+01
   4.0810381e+01  -7.7862856e+01
   4.0810376e+01  -7.7862827e+01
   4.0810370e+01  -7.7862798e+01
   4.0810364e+01  -7.7862770e+01
   4.0810358e+01  -7.7862742e+01
   4.0810352e+01  -7.7862714e+01
   4.0810346e+01  -7.7862686e+01
   4.0810340e+01  -7.7862659e+01
   4.0810333e+01  -7.7862633e+01
   4.0810327e+01  -7.7862607e+01
   4.0810320e+01  -7.7862582e+01
   4.0810313e+01  -7.7862558e+01
   4.0810306e+01  -7.7862535e+01
   4.0810299e+01  -7.7862512e+01
   4.0810291e+01  -7.7862491e+01
   4.0810283e+01  -7.7862471e+01
   4.0810275e+01  -7.7862453e+01
   4.0810267e+01  -7.7862436e+01
   4.0810258e+01  -7.7862420e+01
   4.0810249e+01  -7.7862406e+01
   4.0810239e+01  -7.7862393e+01
   4.0810229e+01  -7.7862382e+01
   4.0810219e+01  -7.7862373e+01
   4.0810208e+01  -7.7862366e+01
   4.0810197e+01  -7.7862361e+01
   4.0810185e+01  -7.7862358e+01
   4.0810173e+01  -7.7862357e+01
   4.0810155e+01  -7.7862359e+01
   4.0810135e+01  -7.7862363e+01
   4.0810116e+01  -7.7862365e+01
   4.0810102e+01  -7.7862364e+01
   4.0810088e+01  -7.7862360e+01
   4.0810075e+01  -7.7862352e+01
   4.0810061e+01  -7.7862341e+01
   4.0810047e+01  -7.7862328e+01
   4.0810034e+01  -7.7862312e+01
   4.0810021e+01  -7.7862294e+01
   4.0810008e+01  -7.7862274e+01
   4.0809996e+01  -7.7862252e+01
   4.0809984e+01  -7.7862229e+01
   4.0809972e+01  -7.7862205e+01
   4.0809962e+01  -7.7862179e+01
   4.0809952e+01  -7.7862153e+01
   4.0809943e+01  -7.7862127e+01
   4.0809934e+01  -7.7862100e+01
   4.0809927e+01  -7.7862073e+01
   4.0809920e+01  -7.7862047e+01
   4.0809915e+01  -7.7862021e+01
   4.0809910e+01  -7.7861995e+01
   4.0809907e+01  -7.7861971e+01
   4.0809905e+01  -7.7861948e+01
   4.0809905e+01  -7.7861927e+01
   4.0809906e+01  -7.7861907e+01
   4.0809909e+01  -7.7861887e+01
   4.0809915e+01  -7.7861867e+01
   4.0809922e+01  -7.7861847e+01
   4.0809932e+01  -7.7861828e+01
   4.0809943e+01  -7.7861808e+01
   4.0809955e+01  -7.7861788e+01
   4.0809968e+01  -7.7861768e+01
   4.0809982e+01  -7.7861749e+01
   4.0809996e+01  -7.7861729e+01
   4.0810010e+01  -7.7861709e+01
   4.0810025e+01  -7.7861690e+01
   4.0810039e+01  -7.7861670e+01
   4.0810053e+01  -7.7861650e+01
   4.0810067e+01  -7.7861630e+01
   4.0810079e+01  -7.7861611e+01
   4.0810090e+01  -7.7861591e+01
   4.0810100e+01  -7.7861571e+01
   4.0810108e+01  -7.7861551e+01
   4.0810114e+01  -7.7861531e+01
   4.0810117e+01  -7.7861511e+01
   4.0810119e+01  -7.7861491e+01
   4.0810118e+01  -7.7861471e+01
   4.0810116e+01  -7.7861450e+01
   4.0810113e+01  -7.7861430e+01
   4.0810108e+01  -7.7861409e+01
   4.0810101e+01  -7.7861389e+01
   4.0810094e+01  -7.7861368e+01
   4.0810086e+01  -7.7861348e+01
   4.0810076e+01  -7.7861327e+01
   4.0810066e+01  -7.7861307e+01
   4.0810056e+01  -7.7861286e+01
   4.0810044e+01  -7.7861265e+01
   4.0810033e+01  -7.7861245e+01
   4.0810021e+01  -7.7861224e+01
   4.0810009e+01  -7.7861203e+01
   4.0809997e+01  -7.7861183e+01
   4.0809984e+01  -7.7861162e+01
   4.0809972e+01  -7.7861141e+01
   4.0809961e+01  -7.7861121e+01
   4.0809950e+01  -7.7861100e+01
   4.0809939e+01  -7.7861079e+01
   4.0809929e+01  -7.7861059e+01
   4.0809919e+01  -7.7861038e+01
   4.0809910e+01  -7.7861018e+01
   4.0809901e+01  -7.7860998e+01
   4.0809892e+01  -7.7860977e+01
   4.0809883e+01  -7.7860957e+01
   4.0809873e+01  -7.7860936e+01
   4.0809864e+01  -7.7860916e+01
   4.0809855e+01  -7.7860896e+01
   4.0809845e+01  -7.7860875e+01
   4.0809836e+01  -7.7860855e+01
   4.0809827e+01  -7.7860835e+01
   4.0809817e+01  -7.7860815e+01
   4.0809808e+01  -7.7860794e+01
   4.0809799e+01  -7.7860774e+01
   4.0809789e+01  -7.7860754e+01
   4.0809780e+01  -7.7860733e+01
   4.0809770e+01  -7.7860713e+01
   4.0809761e+01  -7.7860693e+01
   4.0809752e+01  -7.7860673e+01
   4.0809742e+01  -7.7860652e+01
   4.0809733e+01  -7.7860632e+01
   4.0809724e+01  -7.7860612e+01
   4.0809714e+01  -7.7860591e+01
   4.0809705e+01  -7.7860571e+01
   4.0809696e+01  -7.7860551e+01
   4.0809686e+01  -7.7860530e+01
   4.0809677e+01  -7.7860510e+01
   4.0809668e+01  -7.7860490e+01
   4.0809659e+01  -7.7860469e+01
   4.0809649e+01  -7.7860449e+01
   4.0809640e+01  -7.7860429e+01
   4.0809631e+01  -7.7860408e+01
   4.0809622e+01  -7.7860388e+01
   4.0809613e+01  -7.7860367e+01
   4.0809604e+01  -7.7860347e+01
   4.0809594e+01  -7.7860326e+01
   4.0809585e+01  -7.7860306e+01
   4.0809576e+01  -7.7860285e+01
   4.0809567e+01  -7.7860265e+01
   4.0809558e+01  -7.7860245e+01
   4.0809548e+01  -7.7860224e+01
   4.0809539e+01  -7.7860204e+01
   4.0809530e+01  -7.7860183e+01
   4.0809521e+01  -7.7860163e+01
   4.0809512e+01  -7.7860142e+01
   4.0809503e+01  -7.7860122e+01
   4.0809493e+01  -7.7860101e+01
   4.0809484e+01  -7.7860081e+01
   4.0809475e+01  -7.7860060e+01
   4.0809466e+01  -7.7860040e+01
   4.0809457e+01  -7.7860019e+01
   4.0809448e+01  -7.7859999e+01
   4.0809439e+01  -7.7859978e+01
   4.0809430e+01  -7.7859958e+01
   4.0809421e+01  -7.7859937e+01
   4.0809412e+01  -7.7859916e+01
   4.0809403e+01  -7.7859896e+01
   4.0809394e+01  -7.7859875e+01
   4.0809386e+01  -7.7859854e+01
   4.0809377e+01  -7.7859833e+01
   4.0809368e+01  -7.7859813e+01
   4.0809359e+01  -7.7859792e+01
   4.0809351e+01  -7.7859771e+01
   4.0809342e+01  -7.7859750e+01
   4.0809334e+01  -7.7859729e+01
   4.0809325e+01  -7.7859708e+01
   4.0809317e+01  -7.7859687e+01
   4.0809309e+01  -7.7859666e+01
   4.0809301e+01  -7.7859645e+01
   4.0809292e+01  -7.7859624e+01
   4.0809284e+01  -7.7859603e+01
   4.0809276e+01  -7.7859582e+01
   4.0809269e+01  -7.7859560e+01
   4.0809261e+01  -7.7859539e+01
   4.0809253e+01  -7.7859517e+01
   4.0809245e+01  -7.7859496e+01
   4.0809237e+01  -7.7859475e+01
   4.0809230e+01  -7.7859453e+01
   4.0809222e+01  -7.7859432e+01
   4.0809214e+01  -7.7859410e+01
   4.0809207e+01  -7.7859389e+01
   4.0809199e+01  -7.7859367e+01
   4.0809191e+01  -7.7859346e+01
   4.0809184e+01  -7.7859324e+01
   4.0809176e+01  -7.7859303e+01
   4.0809168e+01  -7.7859281e+01
   4.0809160e+01  -7.7859260e+01
   4.0809152e+01  -7.7859239e+01
   4.0809144e+01  -7.7859217e+01
   4.0809136e+01  -7.7859196e+01
   4.0809128e+01  -7.7859175e+01
   4.0809120e+01  -7.7859154e+01
   4.0809112e+01  -7.7859133e+01
   4.0809103e+01  -7.7859112e+01
   4.0809095e+01  -7.7859090e+01
   4.0809087e+01  -7.7859069e+01
   4.0809078e+01  -7.7859048e+01
   4.0809070e+01  -7.7859027e+01
   4.0809062e+01  -7.7859006e+01
   4.0809053e+01  -7.7858985e+01
   4.0809045e+01  -7.7858964e+01
   4.0809036e+01  -7.7858943e+01
   4.0809028e+01  -7.7858922e+01
   4.0809020e+01  -7.7858901e+01
   4.0809011e+01  -7.7858880e+01
   4.0809003e+01  -7.7858859e+01
   4.0808995e+01  -7.7858838e+01
   4.0808987e+01  -7.7858817e+01
   4.0808979e+01  -7.7858796e+01
   4.0808970e+01  -7.7858774e+01
   4.0808962e+01  -7.7858753e+01
   4.0808954e+01  -7.7858732e+01
   4.0808946e+01  -7.7858711e+01
   4.0808938e+01  -7.7858690e+01
   4.0808930e+01  -7.7858668e+01
   4.0808922e+01  -7.7858647e+01
   4.0808914e+01  -7.7858626e+01
   4.0808906e+01  -7.7858605e+01
   4.0808898e+01  -7.7858583e+01
   4.0808890e+01  -7.7858562e+01
   4.0808882e+01  -7.7858541e+01
   4.0808874e+01  -7.7858520e+01
   4.0808866e+01  -7.7858498e+01
   4.0808858e+01  -7.7858477e+01
   4.0808850e+01  -7.7858456e+01
   4.0808842e+01  -7.7858434e+01
   4.0808834e+01  -7.7858413e+01
   4.0808826e+01  -7.7858392e+01
   4.0808818e+01  -7.7858371e+01
   4.0808810e+01  -7.7858349e+01
   4.0808802e+01  -7.7858328e+01
   4.0808794e+01  -7.7858307e+01
   4.0808786e+01  -7.7858286e+01
   4.0808778e+01  -7.7858264e+01
   4.0808770e+01  -7.7858243e+01
   4.0808761e+01  -7.7858222e+01
   4.0808753e+01  -7.7858201e+01
   4.0808745e+01  -7.7858180e+01
   4.0808737e+01  -7.7858158e+01
   4.0808729e+01  -7.7858137e+01
   4.0808720e+01  -7.7858116e+01
   4.0808712e+01  -7.7858095e+01
   4.0808704e+01  -7.7858074e+01
   4.0808695e+01  -7.7858053e+01
   4.0808687e+01  -7.7858032e+01
   4.0808679e+01  -7.7858011e+01
   4.0808670e+01  -7.7857990e+01
   4.0808662e+01  -7.7857969e+01
   4.0808654e+01  -7.7857948e+01
   4.0808646e+01  -7.7857927e+01
   4.0808637e+01  -7.7857905e+01
   4.0808629e+01  -7.7857884e+01
   4.0808622e+01  -7.7857863e+01
   4.0808614e+01  -7.7857841e+01
   4.0808606e+01  -7.7857820e+01
   4.0808599e+01  -7.7857798e+01
   4.0808592e+01  -7.7857776e+01
   4.0808585e+01  -7.7857754e+01
   4.0808579e+01  -7.7857732e+01
   4.0808572e+01  -7.7857710e+01
   4.0808565e+01  -7.7857688e+01
   4.0808558e+01  -7.7857666e+01
   4.0808550e+01  -7.7857645e+01
   4.0808542e+01  -7.7857624e+01
   4.0808534e+01  -7.7857603e+01
   4.0808526e+01  -7.7857582e+01
   4.0808517e+01  -7.7857561e+01
   4.0808509e+01  -7.7857540e+01
   4.0808500e+01  -7.7857520e+01
   4.0808492e+01  -7.7857499e+01
   4.0808483e+01  -7.7857479e+01
   4.0808474e+01  -7.7857458e+01
   4.0808464e+01  -7.7857438e+01
   4.0808455e+01  -7.7857418e+01
   4.0808446e+01  -7.7857397e+01
   4.0808436e+01  -7.7857377e+01
   4.0808427e+01  -7.7857357e+01
   4.0808417e+01  -7.7857337e+01
   4.0808408e+01  -7.7857317e+01
   4.0808398e+01  -7.7857297e+01
   4.0808388e+01  -7.7857277e+01
   4.0808378e+01  -7.7857257e+01
   4.0808368e+01  -7.7857237e+01
   4.0808358e+01  -7.7857217e+01
   4.0808348e+01  -7.7857198e+01
   4.0808338e+01  -7.7857178e+01
   4.0808327e+01  -7.7857158e+01
   4.0808317e+01  -7.7857139e+01
   4.0808307e+01  -7.7857119e+01
   4.0808296e+01  -7.7857099e+01
   4.0808286e+01  -7.7857080e+01
   4.0808275e+01  -7.7857060e+01
   4.0808265e+01  -7.7857041e+01
   4.0808254e+01  -7.7857021e+01
   4.0808244e+01  -7.7857002e+01
   4.0808233e+01  -7.7856983e+01
   4.0808222e+01  -7.7856963e+01
   4.0808212e+01  -7.7856944e+01
   4.0808201e+01  -7.7856925e+01
   4.0808191e+01  -7.7856905e+01
   4.0808180e+01  -7.7856886e+01
   4.0808169e+01  -7.7856867e+01
   4.0808159e+01  -7.7856847e+01
   4.0808148e+01  -7.7856828e+01
   4.0808138e+01  -7.7856809e+01
   4.0808127e+01  -7.7856789e+01
   4.0808117e+01  -7.7856770e+01
   4.0808106e+01  -7.7856751e+01
   4.0808095e+01  -7.7856732e+01
   4.0808085e+01  -7.7856713e+01
   4.0808074e+01  -7.7856694e+01
   4.0808063e+01  -7.7856675e+01
   4.0808052e+01  -7.7856656e+01
   4.0808041e+01  -7.7856637e+01
   4.0808030e+01  -7.7856618e+01
   4.0808019e+01  -7.7856600e+01
   4.0808008e+01  -7.7856581e+01
   4.0808008e+01  -7.7856581e+01
   4.0807993e+01  -7.7856595e+01
   4.0807978e+01  -7.7856608e+01
   4.0807963e+01  -7.7856622e+01
   4.0807949e+01  -7.7856636e+01
   4.0807934e+01  -7.7856650e+01
   4.0807919e+01  -7.7856663e+01
   4.0807904e+01  -7.7856677e+01
   4.0807889e+01  -7.7856690e+01
   4.0807874e+01  -7.7856704e+01
   4.0807859e+01  -7.7856717e+01
   4.0807844e+01  -7.7856731e+01
   4.0807830e+01  -7.7856745e+01
   4.0807815e+01  -7.7856758e+01
   4.0807800e+01  -7.7856771e+01
   4.0807785e+01  -7.7856785e+01
   4.0807770e+01  -7.7856798e+01
   4.0807755e+01  -7.7856812e+01
   4.0807740e+01  -7.7856825e+01
   4.0807725e+01  -7.7856839e+01
   4.0807710e+01  -7.7856852e+01
   4.0807695e+01  -7.7856865e+01
   4.0807680e+01  -7.7856879e+01
   4.0807665e+01  -7.7856892e+01
   4.0807650e+01  -7.7856906e+01
   4.0807635e+01  -7.7856919e+01
   4.0807620e+01  -7.7856932e+01
   4.0807605e+01  -7.7856946e+01
   4.0807590e+01  -7.7856959e+01
   4.0807575e+01  -7.7856972e+01
   4.0807560e+01  -7.7856985e+01
   4.0807545e+01  -7.7856999e+01
   4.0807530e+01  -7.7857012e+01
   4.0807515e+01  -7.7857025e+01
   4.0807500e+01  -7.7857039e+01
   4.0807485e+01  -7.7857052e+01
   4.0807470e+01  -7.7857065e+01
   4.0807455e+01  -7.7857078e+01
   4.0807440e+01  -7.7857092e+01
   4.0807424e+01  -7.7857105e+01
   4.0807409e+01  -7.7857118e+01
   4.0807394e+01  -7.7857131e+01
   4.0807379e+01  -7.7857144e+01
   4.0807364e+01  -7.7857157e+01
   4.0807349e+01  -7.7857170e+01
   4.0807334e+01  -7.7857184e+01
   4.0807319e+01  -7.7857197e+01
   4.0807304e+01  -7.7857210e+01
   4.0807288e+01  -7.7857223e+01
   4.0807273e+01  -7.7857236e+01
   4.0807258e+01  -7.7857249e+01
   4.0807243e+01  -7.7857262e+01
   4.0807228e+01  -7.7857275e+01
   4.0807213e+01  -7.7857288e+01
   4.0807197e+01  -7.7857301e+01
   4.0807182e+01  -7.7857314e+01
   4.0807167e+01  -7.7857327e+01
   4.0807152e+01  -7.7857340e+01
   4.0807137e+01  -7.7857353e+01
   4.0807122e+01  -7.7857366e+01
   4.0807106e+01  -7.7857379e+01
   4.0807091e+01  -7.7857392e+01
   4.0807076e+01  -7.7857405e+01
   4.0807061e+01  -7.7857418e+01
   4.0807046e+01  -7.7857431e+01
   4.0807030e+01  -7.7857444e+01
   4.0807015e+01  -7.7857457e+01
   4.0807000e+01  -7.7857470e+01
   4.0806985e+01  -7.7857483e+01
   4.0806970e+01  -7.7857496e+01
   4.0806955e+01  -7.7857509e+01
   4.0806939e+01  -7.7857522e+01
   4.0806924e+01  -7.7857535e+01
   4.0806909e+01  -7.7857548e+01
   4.0806894e+01  -7.7857561e+01
   4.0806879e+01  -7.7857574e+01
   4.0806863e+01  -7.7857587e+01
   4.0806848e+01  -7.7857600e+01
   4.0806833e+01  -7.7857613e+01
   4.0806818e+01  -7.7857626e+01
   4.0806803e+01  -7.7857639e+01
   4.0806788e+01  -7.7857652e+01
   4.0806772e+01  -7.7857665e+01
   4.0806757e+01  -7.7857678e+01
   4.0806742e+01  -7.7857691e+01
   4.0806727e+01  -7.7857704e+01
   4.0806712e+01  -7.7857717e+01
   4.0806697e+01  -7.7857730e+01
   4.0806682e+01  -7.7857743e+01
   4.0806666e+01  -7.7857756e+01
   4.0806651e+01  -7.7857769e+01
   4.0806636e+01  -7.7857783e+01
   4.0806621e+01  -7.7857796e+01
   4.0806606e+01  -7.7857809e+01
   4.0806591e+01  -7.7857822e+01
   4.0806576e+01  -7.7857835e+01
   4.0806561e+01  -7.7857848e+01
   4.0806546e+01  -7.7857862e+01
   4.0806531e+01  -7.7857875e+01
   4.0806516e+01  -7.7857888e+01
   4.0806501e+01  -7.7857901e+01
   4.0806485e+01  -7.7857914e+01
   4.0806470e+01  -7.7857928e+01
   4.0806455e+01  -7.7857941e+01
   4.0806440e+01  -7.7857954e+01
   4.0806425e+01  -7.7857968e+01
   4.0806410e+01  -7.7857981e+01
   4.0806395e+01  -7.7857994e+01
   4.0806381e+01  -7.7858008e+01
   4.0806365e+01  -7.7858021e+01
   4.0806350e+01  -7.7858034e+01
   4.0806335e+01  -7.7858048e+01
   4.0806320e+01  -7.7858061e+01
   4.0806304e+01  -7.7858074e+01
   4.0806289e+01  -7.7858087e+01
   4.0806273e+01  -7.7858100e+01
   4.0806257e+01  -7.7858113e+01
   4.0806242e+01  -7.7858125e+01
   4.0806226e+01  -7.7858138e+01
   4.0806210e+01  -7.7858151e+01
   4.0806194e+01  -7.7858164e+01
   4.0806178e+01  -7.7858176e+01
   4.0806162e+01  -7.7858189e+01
   4.0806147e+01  -7.7858202e+01
   4.0806131e+01  -7.7858215e+01
   4.0806115e+01  -7.7858227e+01
   4.0806099e+01  -7.7858240e+01
   4.0806083e+01  -7.7858253e+01
   4.0806067e+01  -7.7858266e+01
   4.0806051e+01  -7.7858278e+01
   4.0806035e+01  -7.7858291e+01
   4.0806020e+01  -7.7858304e+01
   4.0806004e+01  -7.7858317e+01
   4.0805988e+01  -7.7858330e+01
   4.0805973e+01  -7.7858343e+01
   4.0805957e+01  -7.7858356e+01
   4.0805942e+01  -7.7858370e+01
   4.0805927e+01  -7.7858383e+01
   4.0805912e+01  -7.7858396e+01
   4.0805897e+01  -7.7858410e+01
   4.0805882e+01  -7.7858424e+01
   4.0805867e+01  -7.7858437e+01
   4.0805852e+01  -7.7858451e+01
   4.0805838e+01  -7.7858465e+01
   4.0805823e+01  -7.7858479e+01
   4.0805809e+01  -7.7858494e+01
   4.0805795e+01  -7.7858508e+01
   4.0805781e+01  -7.7858523e+01
   4.0805768e+01  -7.7858537e+01
   4.0805754e+01  -7.7858552e+01
   4.0805741e+01  -7.7858567e+01
   4.0805728e+01  -7.7858583e+01
   4.0805715e+01  -7.7858598e+01
   4.0805702e+01  -7.7858614e+01
   4.0805690e+01  -7.7858630e+01
   4.0805678e+01  -7.7858646e+01
   4.0805666e+01  -7.7858662e+01
   4.0805654e+01  -7.7858678e+01
   4.0805643e+01  -7.7858695e+01
   4.0805631e+01  -7.7858712e+01
   4.0805620e+01  -7.7858730e+01
   4.0805610e+01  -7.7858748e+01
   4.0805599e+01  -7.7858767e+01
   4.0805588e+01  -7.7858785e+01
   4.0805578e+01  -7.7858804e+01
   4.0805568e+01  -7.7858824e+01
   4.0805558e+01  -7.7858843e+01
   4.0805548e+01  -7.7858863e+01
   4.0805538e+01  -7.7858883e+01
   4.0805529e+01  -7.7858904e+01
   4.0805519e+01  -7.7858924e+01
   4.0805510e+01  -7.7858945e+01
   4.0805500e+01  -7.7858966e+01
   4.0805491e+01  -7.7858987e+01
   4.0805482e+01  -7.7859008e+01
   4.0805472e+01  -7.7859029e+01
   4.0805463e+01  -7.7859050e+01
   4.0805454e+01  -7.7859071e+01
   4.0805445e+01  -7.7859093e+01
   4.0805436e+01  -7.7859114e+01
   4.0805426e+01  -7.7859135e+01
   4.0805417e+01  -7.7859156e+01
   4.0805408e+01  -7.7859177e+01
   4.0805398e+01  -7.7859198e+01
   4.0805389e+01  -7.7859219e+01
   4.0805380e+01  -7.7859239e+01
   4.0805370e+01  -7.7859260e+01
   4.0805360e+01  -7.7859280e+01
   4.0805349e+01  -7.7859299e+01
   4.0805338e+01  -7.7859319e+01
   4.0805330e+01  -7.7859340e+01
   4.0805325e+01  -7.7859362e+01
   4.0805322e+01  -7.7859384e+01
   4.0805318e+01  -7.7859407e+01
   4.0805315e+01  -7.7859431e+01
   4.0805312e+01  -7.7859455e+01
   4.0805310e+01  -7.7859479e+01
   4.0805307e+01  -7.7859504e+01
   4.0805305e+01  -7.7859528e+01
   4.0805304e+01  -7.7859552e+01
   4.0805303e+01  -7.7859576e+01
   4.0805302e+01  -7.7859599e+01
   4.0805304e+01  -7.7859623e+01
   4.0805310e+01  -7.7859648e+01
   4.0805319e+01  -7.7859670e+01
   4.0805328e+01  -7.7859687e+01
   4.0805338e+01  -7.7859701e+01
   4.0805351e+01  -7.7859714e+01
   4.0805366e+01  -7.7859727e+01
   4.0805383e+01  -7.7859739e+01
   4.0805401e+01  -7.7859751e+01
   4.0805420e+01  -7.7859761e+01
   4.0805439e+01  -7.7859769e+01
   4.0805458e+01  -7.7859776e+01
   4.0805477e+01  -7.7859780e+01
   4.0805495e+01  -7.7859782e+01
   4.0805512e+01  -7.7859782e+01
   4.0805530e+01  -7.7859780e+01
   4.0805549e+01  -7.7859776e+01
   4.0805568e+01  -7.7859771e+01
   4.0805587e+01  -7.7859766e+01
   4.0805606e+01  -7.7859759e+01
   4.0805625e+01  -7.7859753e+01
   4.0805643e+01  -7.7859747e+01
   4.0805661e+01  -7.7859742e+01
   4.0805678e+01  -7.7859739e+01
   4.0805693e+01  -7.7859736e+01
   4.0805708e+01  -7.7859736e+01
   4.0805722e+01  -7.7859741e+01
   4.0805736e+01  -7.7859753e+01
   4.0805749e+01  -7.7859770e+01
   4.0805761e+01  -7.7859790e+01
   4.0805773e+01  -7.7859813e+01
   4.0805784e+01  -7.7859837e+01
   4.0805794e+01  -7.7859860e+01
   4.0805803e+01  -7.7859883e+01
   4.0805811e+01  -7.7859903e+01
   4.0805819e+01  -7.7859923e+01
   4.0805827e+01  -7.7859944e+01
   4.0805834e+01  -7.7859966e+01
   4.0805841e+01  -7.7859988e+01
   4.0805847e+01  -7.7860011e+01
   4.0805853e+01  -7.7860034e+01
   4.0805858e+01  -7.7860057e+01
   4.0805863e+01  -7.7860081e+01
   4.0805866e+01  -7.7860106e+01
   4.0805866e+01  -7.7860106e+01
   4.0805851e+01  -7.7860119e+01
   4.0805836e+01  -7.7860132e+01
   4.0805821e+01  -7.7860145e+01
   4.0805806e+01  -7.7860159e+01
   4.0805791e+01  -7.7860172e+01
   4.0805777e+01  -7.7860186e+01
   4.0805762e+01  -7.7860199e+01
   4.0805747e+01  -7.7860212e+01
   4.0805732e+01  -7.7860226e+01
   4.0805717e+01  -7.7860239e+01
   4.0805702e+01  -7.7860253e+01
   4.0805687e+01  -7.7860266e+01
   4.0805672e+01  -7.7860280e+01
   4.0805657e+01  -7.7860294e+01
   4.0805642e+01  -7.7860307e+01
   4.0805628e+01  -7.7860321e+01
   4.0805613e+01  -7.7860335e+01
   4.0805598e+01  -7.7860348e+01
   4.0805583e+01  -7.7860362e+01
   4.0805569e+01  -7.7860376e+01
   4.0805554e+01  -7.7860390e+01
   4.0805539e+01  -7.7860404e+01
   4.0805525e+01  -7.7860418e+01
   4.0805510e+01  -7.7860432e+01
   4.0805495e+01  -7.7860446e+01
   4.0805481e+01  -7.7860460e+01
   4.0805466e+01  -7.7860474e+01
   4.0805452e+01  -7.7860488e+01
   4.0805437e+01  -7.7860502e+01
   4.0805423e+01  -7.7860517e+01
   4.0805408e+01  -7.7860531e+01
   4.0805394e+01  -7.7860545e+01
   4.0805379e+01  -7.7860560e+01
   4.0805365e+01  -7.7860574e+01
   4.0805351e+01  -7.7860589e+01
   4.0805336e+01  -7.7860603e+01
   4.0805322e+01  -7.7860618e+01
   4.0805308e+01  -7.7860633e+01
   4.0805294e+01  -7.7860647e+01
   4.0805279e+01  -7.7860662e+01
   4.0805265e+01  -7.7860677e+01
   4.0805251e+01  -7.7860691e+01
   4.0805236e+01  -7.7860706e+01
   4.0805222e+01  -7.7860721e+01
   4.0805208e+01  -7.7860735e+01
   4.0805194e+01  -7.7860750e+01
   4.0805179e+01  -7.7860765e+01
   4.0805165e+01  -7.7860779e+01
   4.0805151e+01  -7.7860794e+01
   4.0805136e+01  -7.7860808e+01
   4.0805122e+01  -7.7860823e+01
   4.0805108e+01  -7.7860837e+01
   4.0805093e+01  -7.7860852e+01
   4.0805079e+01  -7.7860866e+01
   4.0805064e+01  -7.7860881e+01
   4.0805050e+01  -7.7860895e+01
   4.0805036e+01  -7.7860909e+01
   4.0805021e+01  -7.7860923e+01
   4.0805006e+01  -7.7860937e+01
   4.0804992e+01  -7.7860951e+01
   4.0804977e+01  -7.7860965e+01
   4.0804963e+01  -7.7860979e+01
   4.0804948e+01  -7.7860993e+01
   4.0804933e+01  -7.7861007e+01
   4.0804918e+01  -7.7861020e+01
   4.0804903e+01  -7.7861033e+01
   4.0804887e+01  -7.7861046e+01
   4.0804872e+01  -7.7861059e+01
   4.0804856e+01  -7.7861072e+01
   4.0804841e+01  -7.7861084e+01
   4.0804825e+01  -7.7861097e+01
   4.0804810e+01  -7.7861110e+01
   4.0804794e+01  -7.7861123e+01
   4.0804779e+01  -7.7861135e+01
   4.0804763e+01  -7.7861148e+01
   4.0804748e+01  -7.7861161e+01
   4.0804733e+01  -7.7861175e+01
   4.0804718e+01  -7.7861188e+01
   4.0804704e+01  -7.7861202e+01
   4.0804689e+01  -7.7861216e+01
   4.0804675e+01  -7.7861230e+01
   4.0804661e+01  -7.7861245e+01
   4.0804648e+01  -7.7861260e+01
   4.0804635e+01  -7.7861275e+01
   4.0804622e+01  -7.7861291e+01
   4.0804609e+01  -7.7861307e+01
   4.0804597e+01  -7.7861324e+01
   4.0804584e+01  -7.7861341e+01
   4.0804572e+01  -7.7861359e+01
   4.0804561e+01  -7.7861377e+01
   4.0804549e+01  -7.7861395e+01
   4.0804537e+01  -7.7861413e+01
   4.0804526e+01  -7.7861431e+01
   4.0804514e+01  -7.7861450e+01
   4.0804503e+01  -7.7861469e+01
   4.0804492e+01  -7.7861488e+01
   4.0804481e+01  -7.7861507e+01
   4.0804469e+01  -7.7861526e+01
   4.0804458e+01  -7.7861545e+01
   4.0804447e+01  -7.7861564e+01
   4.0804436e+01  -7.7861583e+01
   4.0804424e+01  -7.7861602e+01
   4.0804413e+01  -7.7861621e+01
   4.0804401e+01  -7.7861639e+01
   4.0804389e+01  -7.7861658e+01
   4.0804378e+01  -7.7861676e+01
   4.0804366e+01  -7.7861694e+01
   4.0804354e+01  -7.7861712e+01
   4.0804341e+01  -7.7861729e+01
   4.0804329e+01  -7.7861747e+01
   4.0804316e+01  -7.7861769e+01
   4.0804303e+01  -7.7861787e+01
   4.0804289e+01  -7.7861791e+01
   4.0804273e+01  -7.7861788e+01
   4.0804256e+01  -7.7861781e+01
   4.0804238e+01  -7.7861772e+01
   4.0804220e+01  -7.7861762e+01
   4.0804202e+01  -7.7861752e+01
   4.0804186e+01  -7.7861742e+01
   4.0804170e+01  -7.7861728e+01
   4.0804155e+01  -7.7861711e+01
   4.0804140e+01  -7.7861694e+01
   4.0804126e+01  -7.7861677e+01
   4.0804111e+01  -7.7861662e+01
   4.0804097e+01  -7.7861653e+01
   4.0804082e+01  -7.7861651e+01
   4.0804067e+01  -7.7861652e+01
   4.0804052e+01  -7.7861655e+01
   4.0804037e+01  -7.7861660e+01
   4.0804022e+01  -7.7861667e+01
   4.0804007e+01  -7.7861676e+01
   4.0803992e+01  -7.7861686e+01
   4.0803977e+01  -7.7861697e+01
   4.0803962e+01  -7.7861710e+01
   4.0803947e+01  -7.7861724e+01
   4.0803932e+01  -7.7861739e+01
   4.0803917e+01  -7.7861755e+01
   4.0803902e+01  -7.7861772e+01
   4.0803887e+01  -7.7861789e+01
   4.0803872e+01  -7.7861806e+01
   4.0803857e+01  -7.7861824e+01
   4.0803843e+01  -7.7861843e+01
   4.0803828e+01  -7.7861861e+01
   4.0803813e+01  -7.7861879e+01
   4.0803798e+01  -7.7861897e+01
   4.0803783e+01  -7.7861915e+01
   4.0803769e+01  -7.7861932e+01
   4.0803754e+01  -7.7861949e+01
   4.0803739e+01  -7.7861964e+01
   4.0803724e+01  -7.7861979e+01
   4.0803710e+01  -7.7861993e+01
   4.0803695e+01  -7.7862007e+01
   4.0803681e+01  -7.7862022e+01
   4.0803666e+01  -7.7862036e+01
   4.0803651e+01  -7.7862050e+01
   4.0803637e+01  -7.7862064e+01
   4.0803622e+01  -7.7862078e+01
   4.0803608e+01  -7.7862093e+01
   4.0803594e+01  -7.7862107e+01
   4.0803579e+01  -7.7862122e+01
   4.0803565e+01  -7.7862136e+01
   4.0803550e+01  -7.7862150e+01
   4.0803536e+01  -7.7862165e+01
   4.0803522e+01  -7.7862179e+01
   4.0803507e+01  -7.7862194e+01
   4.0803493e+01  -7.7862208e+01
   4.0803479e+01  -7.7862223e+01
   4.0803464e+01  -7.7862237e+01
   4.0803450e+01  -7.7862252e+01
   4.0803435e+01  -7.7862266e+01
   4.0803421e+01  -7.7862281e+01
   4.0803407e+01  -7.7862295e+01
   4.0803392e+01  -7.7862309e+01
   4.0803378e+01  -7.7862324e+01
   4.0803363e+01  -7.7862338e+01
   4.0803349e+01  -7.7862352e+01
   4.0803334e+01  -7.7862366e+01
   4.0803320e+01  -7.7862381e+01
   4.0803305e+01  -7.7862395e+01
   4.0803291e+01  -7.7862409e+01
   4.0803276e+01  -7.7862423e+01
   4.0803262e+01  -7.7862437e+01
   4.0803247e+01  -7.7862452e+01
   4.0803232e+01  -7.7862466e+01
   4.0803218e+01  -7.7862480e+01
   4.0803203e+01  -7.7862494e+01
   4.0803189e+01  -7.7862508e+01
   4.0803174e+01  -7.7862522e+01
   4.0803160e+01  -7.7862536e+01
   4.0803145e+01  -7.7862550e+01
   4.0803131e+01  -7.7862565e+01
   4.0803116e+01  -7.7862579e+01
   4.0803101e+01  -7.7862593e+01
   4.0803087e+01  -7.7862607e+01
   4.0803072e+01  -7.7862621e+01
   4.0803058e+01  -7.7862635e+01
   4.0803043e+01  -7.7862649e+01
   4.0803028e+01  -7.7862663e+01
   4.0803014e+01  -7.7862677e+01
   4.0802999e+01  -7.7862691e+01
   4.0802985e+01  -7.7862705e+01
   4.0802970e+01  -7.7862719e+01
   4.0802955e+01  -7.7862733e+01
   4.0802941e+01  -7.7862747e+01
   4.0802926e+01  -7.7862762e+01
   4.0802912e+01  -7.7862776e+01
   4.0802897e+01  -7.7862790e+01
   4.0802882e+01  -7.7862804e+01
   4.0802868e+01  -7.7862818e+01
   4.0802853e+01  -7.7862832e+01
   4.0802838e+01  -7.7862846e+01
   4.0802824e+01  -7.7862860e+01
   4.0802809e+01  -7.7862874e+01
   4.0802795e+01  -7.7862888e+01
   4.0802780e+01  -7.7862902e+01
   4.0802765e+01  -7.7862916e+01
   4.0802751e+01  -7.7862930e+01
   4.0802736e+01  -7.7862944e+01
   4.0802721e+01  -7.7862958e+01
   4.0802707e+01  -7.7862972e+01
   4.0802692e+01  -7.7862986e+01
   4.0802677e+01  -7.7863000e+01
   4.0802663e+01  -7.7863014e+01
   4.0802648e+01  -7.7863028e+01
   4.0802633e+01  -7.7863042e+01
   4.0802619e+01  -7.7863056e+01
   4.0802604e+01  -7.7863070e+01
   4.0802590e+01  -7.7863084e+01
   4.0802575e+01  -7.7863098e+01
   4.0802560e+01  -7.7863112e+01
   4.0802546e+01  -7.7863126e+01
   4.0802531e+01  -7.7863139e+01
   4.0802516e+01  -7.7863153e+01
   4.0802502e+01  -7.7863167e+01
   4.0802487e+01  -7.7863181e+01
   4.0802472e+01  -7.7863195e+01
   4.0802458e+01  -7.7863209e+01
   4.0802443e+01  -7.7863223e+01
   4.0802428e+01  -7.7863237e+01
   4.0802414e+01  -7.7863251e+01
   4.0802399e+01  -7.7863265e+01
   4.0802384e+01  -7.7863279e+01
   4.0802370e+01  -7.7863293e+01
   4.0802355e+01  -7.7863307e+01
   4.0802341e+01  -7.7863321e+01
   4.0802326e+01  -7.7863335e+01
   4.0802311e+01  -7.7863349e+01
   4.0802297e+01  -7.7863363e+01
   4.0802282e+01  -7.7863377e+01
   4.0802267e+01  -7.7863391e+01
   4.0802253e+01  -7.7863405e+01
   4.0802238e+01  -7.7863419e+01
   4.0802223e+01  -7.7863433e+01
   4.0802209e+01  -7.7863447e+01
   4.0802194e+01  -7.7863461e+01
   4.0802179e+01  -7.7863475e+01
   4.0802165e+01  -7.7863489e+01
   4.0802150e+01  -7.7863503e+01
   4.0802135e+01  -7.7863517e+01
   4.0802121e+01  -7.7863531e+01
   4.0802106e+01  -7.7863545e+01
   4.0802091e+01  -7.7863559e+01
   4.0802077e+01  -7.7863573e+01
   4.0802062e+01  -7.7863587e+01
   4.0802047e+01  -7.7863600e+01
   4.0802033e+01  -7.7863614e+01
   4.0802018e+01  -7.7863628e+01
   4.0802003e+01  -7.7863642e+01
   4.0801989e+01  -7.7863656e+01
   4.0801974e+01  -7.7863670e+01
   4.0801959e+01  -7.7863684e+01
   4.0801959e+01  -7.7863684e+01
   4.0801976e+01  -7.7863709e+01
   4.0801992e+01  -7.7863729e+01
   4.0802008e+01  -7.7863744e+01
   4.0802024e+01  -7.7863756e+01
   4.0802041e+01  -7.7863765e+01
   4.0802057e+01  -7.7863771e+01
   4.0802073e+01  -7.7863775e+01
   4.0802089e+01  -7.7863777e+01
   4.0802105e+01  -7.7863777e+01
   4.0802122e+01  -7.7863765e+01
   4.0802139e+01  -7.7863749e+01
   4.0802149e+01  -7.7863746e+01
   4.0802157e+01  -7.7863754e+01
   4.0802163e+01  -7.7863770e+01
   4.0802168e+01  -7.7863793e+01
   4.0802172e+01  -7.7863819e+01
   4.0802175e+01  -7.7863848e+01
   4.0802179e+01  -7.7863879e+01
   4.0802183e+01  -7.7863908e+01
   4.0802189e+01  -7.7863935e+01
   4.0802195e+01  -7.7863958e+01
   4.0802202e+01  -7.7863979e+01
   4.0802211e+01  -7.7863999e+01
   4.0802220e+01  -7.7864020e+01
   4.0802230e+01  -7.7864040e+01
   4.0802240e+01  -7.7864059e+01
   4.0802251e+01  -7.7864079e+01
   4.0802263e+01  -7.7864098e+01
   4.0802274e+01  -7.7864117e+01
   4.0802286e+01  -7.7864136e+01
   4.0802298e+01  -7.7864154e+01
   4.0802310e+01  -7.7864171e+01
   4.0802322e+01  -7.7864189e+01
   4.0802336e+01  -7.7864206e+01
   4.0802352e+01  -7.7864224e+01
   4.0802369e+01  -7.7864241e+01
   4.0802387e+01  -7.7864259e+01
   4.0802405e+01  -7.7864276e+01
   4.0802424e+01  -7.7864293e+01
   4.0802441e+01  -7.7864310e+01
   4.0802458e+01  -7.7864326e+01
   4.0802473e+01  -7.7864341e+01
   4.0802487e+01  -7.7864356e+01
   4.0802498e+01  -7.7864370e+01
   4.0802507e+01  -7.7864383e+01
   4.0802512e+01  -7.7864395e+01
   4.0802514e+01  -7.7864406e+01
   4.0802512e+01  -7.7864415e+01
   4.0802506e+01  -7.7864424e+01
   4.0802496e+01  -7.7864432e+01
   4.0802483e+01  -7.7864439e+01
   4.0802467e+01  -7.7864446e+01
   4.0802449e+01  -7.7864452e+01
   4.0802429e+01  -7.7864458e+01
   4.0802407e+01  -7.7864464e+01
   4.0802385e+01  -7.7864469e+01
   4.0802362e+01  -7.7864475e+01
   4.0802339e+01  -7.7864481e+01
   4.0802316e+01  -7.7864487e+01
   4.0802295e+01  -7.7864494e+01
   4.0802275e+01  -7.7864501e+01
   4.0802257e+01  -7.7864509e+01
   4.0802240e+01  -7.7864518e+01
   4.0802225e+01  -7.7864528e+01
   4.0802209e+01  -7.7864539e+01
   4.0802193e+01  -7.7864551e+01
   4.0802178e+01  -7.7864564e+01
   4.0802162e+01  -7.7864577e+01
   4.0802147e+01  -7.7864592e+01
   4.0802131e+01  -7.7864607e+01
   4.0802116e+01  -7.7864623e+01
   4.0802101e+01  -7.7864639e+01
   4.0802086e+01  -7.7864656e+01
   4.0802070e+01  -7.7864673e+01
   4.0802055e+01  -7.7864691e+01
   4.0802040e+01  -7.7864710e+01
   4.0802025e+01  -7.7864729e+01
   4.0802010e+01  -7.7864748e+01
   4.0801995e+01  -7.7864767e+01
   4.0801981e+01  -7.7864787e+01
   4.0801966e+01  -7.7864807e+01
   4.0801951e+01  -7.7864827e+01
   4.0801937e+01  -7.7864847e+01
   4.0801922e+01  -7.7864867e+01
   4.0801908e+01  -7.7864887e+01
   4.0801893e+01  -7.7864907e+01
   4.0801879e+01  -7.7864928e+01
   4.0801864e+01  -7.7864947e+01
   4.0801850e+01  -7.7864967e+01
   4.0801836e+01  -7.7864987e+01
   4.0801822e+01  -7.7865006e+01
   4.0801808e+01  -7.7865025e+01
   4.0801794e+01  -7.7865043e+01
   4.0801780e+01  -7.7865061e+01
   4.0801766e+01  -7.7865079e+01
   4.0801753e+01  -7.7865096e+01
   4.0801739e+01  -7.7865112e+01
   4.0801725e+01  -7.7865128e+01
   4.0801712e+01  -7.7865143e+01
   4.0801698e+01  -7.7865157e+01
   4.0801685e+01  -7.7865171e+01
   4.0801672e+01  -7.7865184e+01
   4.0801659e+01  -7.7865196e+01
   4.0801645e+01  -7.7865207e+01
   4.0801632e+01  -7.7865217e+01
   4.0801619e+01  -7.7865226e+01
   4.0801606e+01  -7.7865234e+01
   4.0801594e+01  -7.7865241e+01
   4.0801581e+01  -7.7865246e+01
   4.0801568e+01  -7.7865251e+01
   4.0801555e+01  -7.7865254e+01
   4.0801543e+01  -7.7865256e+01
   4.0801530e+01  -7.7865257e+01
   4.0801518e+01  -7.7865252e+01
   4.0801507e+01  -7.7865236e+01
   4.0801496e+01  -7.7865213e+01
   4.0801485e+01  -7.7865189e+01
   4.0801474e+01  -7.7865169e+01
   4.0801463e+01  -7.7865150e+01
   4.0801452e+01  -7.7865131e+01
   4.0801441e+01  -7.7865113e+01
   4.0801430e+01  -7.7865094e+01
   4.0801419e+01  -7.7865075e+01
   4.0801407e+01  -7.7865056e+01
   4.0801396e+01  -7.7865038e+01
   4.0801385e+01  -7.7865019e+01
   4.0801375e+01  -7.7865000e+01
   4.0801364e+01  -7.7864981e+01
   4.0801353e+01  -7.7864962e+01
   4.0801342e+01  -7.7864943e+01
   4.0801331e+01  -7.7864924e+01
   4.0801320e+01  -7.7864905e+01
   4.0801309e+01  -7.7864886e+01
   4.0801298e+01  -7.7864867e+01
   4.0801287e+01  -7.7864848e+01
   4.0801277e+01  -7.7864829e+01
   4.0801266e+01  -7.7864810e+01
   4.0801255e+01  -7.7864791e+01
   4.0801244e+01  -7.7864772e+01
   4.0801234e+01  -7.7864753e+01
   4.0801223e+01  -7.7864734e+01
   4.0801212e+01  -7.7864715e+01
   4.0801201e+01  -7.7864696e+01
   4.0801191e+01  -7.7864677e+01
   4.0801180e+01  -7.7864657e+01
   4.0801170e+01  -7.7864638e+01
   4.0801159e+01  -7.7864619e+01
   4.0801149e+01  -7.7864600e+01
   4.0801138e+01  -7.7864580e+01
   4.0801128e+01  -7.7864561e+01
   4.0801117e+01  -7.7864542e+01
   4.0801107e+01  -7.7864522e+01
   4.0801097e+01  -7.7864503e+01
   4.0801086e+01  -7.7864483e+01
   4.0801076e+01  -7.7864464e+01
   4.0801066e+01  -7.7864444e+01
   4.0801056e+01  -7.7864424e+01
   4.0801045e+01  -7.7864405e+01
   4.0801035e+01  -7.7864385e+01
   4.0801025e+01  -7.7864366e+01
   4.0801015e+01  -7.7864346e+01
   4.0801004e+01  -7.7864327e+01
   4.0800994e+01  -7.7864307e+01
   4.0800984e+01  -7.7864288e+01
   4.0800974e+01  -7.7864268e+01
   4.0800963e+01  -7.7864249e+01
   4.0800953e+01  -7.7864229e+01
   4.0800943e+01  -7.7864210e+01
   4.0800932e+01  -7.7864190e+01
   4.0800922e+01  -7.7864171e+01
   4.0800911e+01  -7.7864152e+01
   4.0800901e+01  -7.7864132e+01
   4.0800891e+01  -7.7864113e+01
   4.0800880e+01  -7.7864093e+01
   4.0800870e+01  -7.7864074e+01
   4.0800860e+01  -7.7864054e+01
   4.0800849e+01  -7.7864035e+01
   4.0800839e+01  -7.7864015e+01
   4.0800829e+01  -7.7863996e+01
   4.0800818e+01  -7.7863977e+01
   4.0800808e+01  -7.7863957e+01
   4.0800798e+01  -7.7863938e+01
   4.0800787e+01  -7.7863918e+01
   4.0800777e+01  -7.7863899e+01
   4.0800767e+01  -7.7863879e+01
   4.0800757e+01  -7.7863860e+01
   4.0800746e+01  -7.7863840e+01
   4.0800736e+01  -7.7863820e+01
   4.0800726e+01  -7.7863801e+01
   4.0800716e+01  -7.7863781e+01
   4.0800705e+01  -7.7863762e+01
   4.0800695e+01  -7.7863742e+01
   4.0800685e+01  -7.7863723e+01
   4.0800675e+01  -7.7863703e+01
   4.0800664e+01  -7.7863684e+01
   4.0800654e+01  -7.7863664e+01
   4.0800644e+01  -7.7863645e+01
   4.0800634e+01  -7.7863625e+01
   4.0800623e+01  -7.7863606e+01
   4.0800613e+01  -7.7863586e+01
   4.0800602e+01  -7.7863567e+01
   4.0800592e+01  -7.7863548e+01
   4.0800581e+01  -7.7863528e+01
   4.0800571e+01  -7.7863509e+01
   4.0800561e+01  -7.7863490e+01
   4.0800550e+01  -7.7863470e+01
   4.0800540e+01  -7.7863451e+01
   4.0800529e+01  -7.7863432e+01
   4.0800518e+01  -7.7863412e+01
   4.0800508e+01  -7.7863393e+01
   4.0800497e+01  -7.7863374e+01
   4.0800487e+01  -7.7863355e+01
   4.0800476e+01  -7.7863336e+01
   4.0800465e+01  -7.7863316e+01
   4.0800455e+01  -7.7863297e+01
   4.0800444e+01  -7.7863278e+01
   4.0800433e+01  -7.7863259e+01
   4.0800423e+01  -7.7863240e+01
   4.0800412e+01  -7.7863221e+01
   4.0800401e+01  -7.7863202e+01
   4.0800390e+01  -7.7863183e+01
   4.0800379e+01  -7.7863164e+01
   4.0800368e+01  -7.7863146e+01
   4.0800357e+01  -7.7863127e+01
   4.0800346e+01  -7.7863108e+01
   4.0800335e+01  -7.7863089e+01
   4.0800324e+01  -7.7863071e+01
   4.0800312e+01  -7.7863052e+01
   4.0800301e+01  -7.7863034e+01
   4.0800290e+01  -7.7863015e+01
   4.0800279e+01  -7.7862996e+01
   4.0800267e+01  -7.7862978e+01
   4.0800256e+01  -7.7862959e+01
   4.0800245e+01  -7.7862941e+01
   4.0800233e+01  -7.7862923e+01
   4.0800222e+01  -7.7862904e+01
   4.0800211e+01  -7.7862886e+01
   4.0800199e+01  -7.7862867e+01
   4.0800188e+01  -7.7862849e+01
   4.0800177e+01  -7.7862830e+01
   4.0800165e+01  -7.7862812e+01
   4.0800154e+01  -7.7862794e+01
   4.0800142e+01  -7.7862775e+01
   4.0800131e+01  -7.7862757e+01
   4.0800119e+01  -7.7862739e+01
   4.0800108e+01  -7.7862720e+01
   4.0800097e+01  -7.7862702e+01
   4.0800085e+01  -7.7862683e+01
   4.0800074e+01  -7.7862665e+01
   4.0800062e+01  -7.7862647e+01
   4.0800051e+01  -7.7862628e+01
   4.0800040e+01  -7.7862610e+01
   4.0800028e+01  -7.7862591e+01
   4.0800017e+01  -7.7862573e+01
   4.0800005e+01  -7.7862554e+01
   4.0799994e+01  -7.7862536e+01
   4.0799983e+01  -7.7862517e+01
   4.0799972e+01  -7.7862499e+01
   4.0799960e+01  -7.7862480e+01
   4.0799949e+01  -7.7862462e+01
   4.0799938e+01  -7.7862443e+01
   4.0799927e+01  -7.7862424e+01
   4.0799916e+01  -7.7862405e+01
   4.0799905e+01  -7.7862387e+01
   4.0799894e+01  -7.7862368e+01
   4.0799883e+01  -7.7862349e+01
   4.0799872e+01  -7.7862330e+01
   4.0799861e+01  -7.7862312e+01
   4.0799850e+01  -7.7862293e+01
   4.0799838e+01  -7.7862274e+01
   4.0799827e+01  -7.7862255e+01
   4.0799816e+01  -7.7862237e+01
   4.0799805e+01  -7.7862218e+01
   4.0799794e+01  -7.7862199e+01
   4.0799783e+01  -7.7862181e+01
   4.0799772e+01  -7.7862162e+01
   4.0799760e+01  -7.7862144e+01
   4.0799749e+01  -7.7862125e+01
   4.0799738e+01  -7.7862107e+01
   4.0799726e+01  -7.7862088e+01
   4.0799715e+01  -7.7862070e+01
   4.0799703e+01  -7.7862052e+01
   4.0799691e+01  -7.7862034e+01
   4.0799679e+01  -7.7862016e+01
   4.0799667e+01  -7.7861999e+01
   4.0799655e+01  -7.7861981e+01
   4.0799643e+01  -7.7861964e+01
   4.0799630e+01  -7.7861947e+01
   4.0799618e+01  -7.7861929e+01
   4.0799605e+01  -7.7861912e+01
   4.0799593e+01  -7.7861895e+01
   4.0799580e+01  -7.7861877e+01
   4.0799568e+01  -7.7861860e+01
   4.0799556e+01  -7.7861843e+01
   4.0799543e+01  -7.7861825e+01
   4.0799532e+01  -7.7861807e+01
   4.0799520e+01  -7.7861789e+01
   4.0799509e+01  -7.7861771e+01
   4.0799497e+01  -7.7861753e+01
   4.0799486e+01  -7.7861734e+01
   4.0799476e+01  -7.7861715e+01
   4.0799465e+01  -7.7861696e+01
   4.0799455e+01  -7.7861677e+01
   4.0799445e+01  -7.7861657e+01
   4.0799435e+01  -7.7861637e+01
   4.0799424e+01  -7.7861618e+01
   4.0799415e+01  -7.7861598e+01
   4.0799405e+01  -7.7861578e+01
   4.0799395e+01  -7.7861558e+01
   4.0799385e+01  -7.7861538e+01
   4.0799375e+01  -7.7861518e+01
   4.0799365e+01  -7.7861498e+01
   4.0799356e+01  -7.7861478e+01
   4.0799346e+01  -7.7861458e+01
   4.0799336e+01  -7.7861438e+01
   4.0799326e+01  -7.7861418e+01
   4.0799316e+01  -7.7861399e+01
   4.0799305e+01  -7.7861379e+01
   4.0799295e+01  -7.7861360e+01
   4.0799285e+01  -7.7861340e+01
   4.0799274e+01  -7.7861321e+01
   4.0799264e+01  -7.7861301e+01
   4.0799253e+01  -7.7861282e+01
   4.0799243e+01  -7.7861263e+01
   4.0799232e+01  -7.7861244e+01
   4.0799222e+01  -7.7861224e+01
   4.0799211e+01  -7.7861205e+01
   4.0799201e+01  -7.7861186e+01
   4.0799190e+01  -7.7861167e+01
   4.0799179e+01  -7.7861147e+01
   4.0799169e+01  -7.7861128e+01
   4.0799158e+01  -7.7861109e+01
   4.0799158e+01  -7.7861109e+01
   4.0799144e+01  -7.7861123e+01
   4.0799129e+01  -7.7861137e+01
   4.0799115e+01  -7.7861151e+01
   4.0799100e+01  -7.7861166e+01
   4.0799086e+01  -7.7861180e+01
   4.0799071e+01  -7.7861194e+01
   4.0799057e+01  -7.7861208e+01
   4.0799042e+01  -7.7861222e+01
   4.0799028e+01  -7.7861236e+01
   4.0799013e+01  -7.7861250e+01
   4.0798999e+01  -7.7861264e+01
   4.0798984e+01  -7.7861278e+01
   4.0798970e+01  -7.7861292e+01
   4.0798955e+01  -7.7861306e+01
   4.0798940e+01  -7.7861320e+01
   4.0798926e+01  -7.7861335e+01
   4.0798911e+01  -7.7861349e+01
   4.0798897e+01  -7.7861363e+01
   4.0798882e+01  -7.7861377e+01
   4.0798868e+01  -7.7861391e+01
   4.0798853e+01  -7.7861405e+01
   4.0798839e+01  -7.7861419e+01
   4.0798824e+01  -7.7861433e+01
   4.0798809e+01  -7.7861446e+01
   4.0798795e+01  -7.7861460e+01
   4.0798780e+01  -7.7861474e+01
   4.0798765e+01  -7.7861488e+01
   4.0798751e+01  -7.7861501e+01
   4.0798736e+01  -7.7861515e+01
   4.0798721e+01  -7.7861529e+01
   4.0798706e+01  -7.7861543e+01
   4.0798692e+01  -7.7861557e+01
   4.0798677e+01  -7.7861570e+01
   4.0798663e+01  -7.7861584e+01
   4.0798648e+01  -7.7861599e+01
   4.0798634e+01  -7.7861613e+01
   4.0798620e+01  -7.7861627e+01
   4.0798605e+01  -7.7861642e+01
   4.0798591e+01  -7.7861656e+01
   4.0798577e+01  -7.7861671e+01
   4.0798563e+01  -7.7861686e+01
   4.0798549e+01  -7.7861701e+01
   4.0798535e+01  -7.7861716e+01
   4.0798522e+01  -7.7861731e+01
   4.0798508e+01  -7.7861746e+01
   4.0798494e+01  -7.7861762e+01
   4.0798480e+01  -7.7861777e+01
   4.0798467e+01  -7.7861792e+01
   4.0798453e+01  -7.7861808e+01
   4.0798439e+01  -7.7861824e+01
   4.0798426e+01  -7.7861839e+01
   4.0798412e+01  -7.7861855e+01
   4.0798399e+01  -7.7861871e+01
   4.0798385e+01  -7.7861886e+01
   4.0798372e+01  -7.7861902e+01
   4.0798358e+01  -7.7861918e+01
   4.0798345e+01  -7.7861934e+01
   4.0798332e+01  -7.7861950e+01
   4.0798318e+01  -7.7861966e+01
   4.0798305e+01  -7.7861982e+01
   4.0798292e+01  -7.7861998e+01
   4.0798278e+01  -7.7862014e+01
   4.0798265e+01  -7.7862030e+01
   4.0798252e+01  -7.7862046e+01
   4.0798238e+01  -7.7862062e+01
   4.0798225e+01  -7.7862078e+01
   4.0798212e+01  -7.7862094e+01
   4.0798198e+01  -7.7862110e+01
   4.0798185e+01  -7.7862126e+01
   4.0798172e+01  -7.7862142e+01
   4.0798158e+01  -7.7862158e+01
   4.0798145e+01  -7.7862174e+01
   4.0798132e+01  -7.7862190e+01
   4.0798118e+01  -7.7862206e+01
   4.0798105e+01  -7.7862222e+01
   4.0798092e+01  -7.7862238e+01
   4.0798078e+01  -7.7862254e+01
   4.0798065e+01  -7.7862270e+01
   4.0798051e+01  -7.7862286e+01
   4.0798038e+01  -7.7862301e+01
   4.0798025e+01  -7.7862317e+01
   4.0798011e+01  -7.7862333e+01
   4.0797998e+01  -7.7862349e+01
   4.0797984e+01  -7.7862365e+01
   4.0797971e+01  -7.7862380e+01
   4.0797957e+01  -7.7862396e+01
   4.0797944e+01  -7.7862412e+01
   4.0797930e+01  -7.7862428e+01
   4.0797917e+01  -7.7862443e+01
   4.0797903e+01  -7.7862459e+01
   4.0797890e+01  -7.7862475e+01
   4.0797877e+01  -7.7862491e+01
   4.0797863e+01  -7.7862507e+01
   4.0797850e+01  -7.7862523e+01
   4.0797836e+01  -7.7862539e+01
   4.0797823e+01  -7.7862555e+01
   4.0797810e+01  -7.7862570e+01
   4.0797796e+01  -7.7862586e+01
   4.0797783e+01  -7.7862602e+01
   4.0797770e+01  -7.7862618e+01
   4.0797756e+01  -7.7862634e+01
   4.0797743e+01  -7.7862651e+01
   4.0797730e+01  -7.7862667e+01
   4.0797717e+01  -7.7862683e+01
   4.0797704e+01  -7.7862699e+01
   4.0797691e+01  -7.7862715e+01
   4.0797677e+01  -7.7862731e+01
   4.0797664e+01  -7.7862748e+01
   4.0797651e+01  -7.7862764e+01
   4.0797638e+01  -7.7862780e+01
   4.0797625e+01  -7.7862797e+01
   4.0797612e+01  -7.7862813e+01
   4.0797599e+01  -7.7862830e+01
   4.0797586e+01  -7.7862846e+01
   4.0797573e+01  -7.7862863e+01
   4.0797560e+01  -7.7862879e+01
   4.0797547e+01  -7.7862896e+01
   4.0797534e+01  -7.7862912e+01
   4.0797521e+01  -7.7862929e+01
   4.0797508e+01  -7.7862945e+01
   4.0797495e+01  -7.7862962e+01
   4.0797482e+01  -7.7862978e+01
   4.0797469e+01  -7.7862995e+01
   4.0797456e+01  -7.7863011e+01
   4.0797444e+01  -7.7863027e+01
   4.0797431e+01  -7.7863044e+01
   4.0797418e+01  -7.7863061e+01
   4.0797405e+01  -7.7863077e+01
   4.0797392e+01  -7.7863094e+01
   4.0797379e+01  -7.7863110e+01
   4.0797366e+01  -7.7863127e+01
   4.0797353e+01  -7.7863143e+01
   4.0797340e+01  -7.7863160e+01
   4.0797327e+01  -7.7863176e+01
   4.0797314e+01  -7.7863193e+01
   4.0797301e+01  -7.7863209e+01
   4.0797288e+01  -7.7863226e+01
   4.0797276e+01  -7.7863243e+01
   4.0797263e+01  -7.7863259e+01
   4.0797250e+01  -7.7863276e+01
   4.0797237e+01  -7.7863292e+01
   4.0797224e+01  -7.7863309e+01
   4.0797211e+01  -7.7863325e+01
   4.0797198e+01  -7.7863342e+01
   4.0797185e+01  -7.7863358e+01
   4.0797172e+01  -7.7863375e+01
   4.0797159e+01  -7.7863392e+01
   4.0797146e+01  -7.7863408e+01
   4.0797134e+01  -7.7863425e+01
   4.0797121e+01  -7.7863441e+01
   4.0797108e+01  -7.7863458e+01
   4.0797095e+01  -7.7863475e+01
   4.0797082e+01  -7.7863491e+01
   4.0797069e+01  -7.7863508e+01
   4.0797056e+01  -7.7863524e+01
   4.0797043e+01  -7.7863541e+01
   4.0797031e+01  -7.7863558e+01
   4.0797018e+01  -7.7863574e+01
   4.0797005e+01  -7.7863591e+01
   4.0796992e+01  -7.7863607e+01
   4.0796979e+01  -7.7863624e+01
   4.0796966e+01  -7.7863640e+01
   4.0796953e+01  -7.7863657e+01
   4.0796940e+01  -7.7863673e+01
   4.0796927e+01  -7.7863689e+01
   4.0796914e+01  -7.7863706e+01
   4.0796901e+01  -7.7863722e+01
   4.0796888e+01  -7.7863738e+01
   4.0796875e+01  -7.7863755e+01
   4.0796861e+01  -7.7863771e+01
   4.0796848e+01  -7.7863787e+01
   4.0796835e+01  -7.7863804e+01
   4.0796822e+01  -7.7863820e+01
   4.0796809e+01  -7.7863836e+01
   4.0796796e+01  -7.7863852e+01
   4.0796783e+01  -7.7863869e+01
   4.0796770e+01  -7.7863885e+01
   4.0796756e+01  -7.7863901e+01
   4.0796743e+01  -7.7863917e+01
   4.0796730e+01  -7.7863934e+01
   4.0796717e+01  -7.7863950e+01
   4.0796704e+01  -7.7863967e+01
   4.0796691e+01  -7.7863983e+01
   4.0796678e+01  -7.7863999e+01
   4.0796665e+01  -7.7864016e+01
   4.0796653e+01  -7.7864033e+01
   4.0796640e+01  -7.7864049e+01
   4.0796627e+01  -7.7864066e+01
   4.0796614e+01  -7.7864083e+01
   4.0796601e+01  -7.7864099e+01
   4.0796589e+01  -7.7864116e+01
   4.0796576e+01  -7.7864133e+01
   4.0796563e+01  -7.7864150e+01
   4.0796551e+01  -7.7864167e+01
   4.0796538e+01  -7.7864184e+01
   4.0796526e+01  -7.7864201e+01
   4.0796513e+01  -7.7864218e+01
   4.0796500e+01  -7.7864235e+01
   4.0796488e+01  -7.7864252e+01
   4.0796475e+01  -7.7864269e+01
   4.0796463e+01  -7.7864286e+01
   4.0796450e+01  -7.7864303e+01
   4.0796438e+01  -7.7864320e+01
   4.0796425e+01  -7.7864338e+01
   4.0796413e+01  -7.7864355e+01
   4.0796401e+01  -7.7864372e+01
   4.0796388e+01  -7.7864389e+01
   4.0796376e+01  -7.7864406e+01
   4.0796363e+01  -7.7864423e+01
   4.0796351e+01  -7.7864440e+01
   4.0796338e+01  -7.7864458e+01
   4.0796326e+01  -7.7864475e+01
   4.0796313e+01  -7.7864492e+01
   4.0796301e+01  -7.7864509e+01
   4.0796288e+01  -7.7864526e+01
   4.0796276e+01  -7.7864543e+01
   4.0796263e+01  -7.7864560e+01
   4.0796251e+01  -7.7864577e+01
   4.0796238e+01  -7.7864594e+01
   4.0796226e+01  -7.7864611e+01
   4.0796213e+01  -7.7864628e+01
   4.0796200e+01  -7.7864645e+01
   4.0796188e+01  -7.7864662e+01
   4.0796175e+01  -7.7864679e+01
   4.0796163e+01  -7.7864696e+01
   4.0796150e+01  -7.7864713e+01
   4.0796137e+01  -7.7864730e+01
   4.0796125e+01  -7.7864747e+01
   4.0796112e+01  -7.7864764e+01
   4.0796100e+01  -7.7864781e+01
   4.0796087e+01  -7.7864798e+01
   4.0796074e+01  -7.7864815e+01
   4.0796062e+01  -7.7864832e+01
   4.0796049e+01  -7.7864849e+01
   4.0796037e+01  -7.7864866e+01
   4.0796024e+01  -7.7864883e+01
   4.0796011e+01  -7.7864899e+01
   4.0795999e+01  -7.7864916e+01
   4.0795986e+01  -7.7864933e+01
   4.0795973e+01  -7.7864950e+01
   4.0795961e+01  -7.7864967e+01
   4.0795948e+01  -7.7864984e+01
   4.0795935e+01  -7.7865001e+01
   4.0795923e+01  -7.7865018e+01
   4.0795910e+01  -7.7865034e+01
   4.0795897e+01  -7.7865051e+01
   4.0795884e+01  -7.7865068e+01
   4.0795872e+01  -7.7865085e+01
   4.0795859e+01  -7.7865102e+01
   4.0795846e+01  -7.7865118e+01
   4.0795834e+01  -7.7865135e+01
   4.0795821e+01  -7.7865152e+01
   4.0795808e+01  -7.7865169e+01
   4.0795795e+01  -7.7865186e+01
   4.0795783e+01  -7.7865202e+01
   4.0795770e+01  -7.7865219e+01
   4.0795757e+01  -7.7865236e+01
   4.0795744e+01  -7.7865253e+01
   4.0795732e+01  -7.7865270e+01
   4.0795719e+01  -7.7865286e+01
   4.0795706e+01  -7.7865303e+01
   4.0795693e+01  -7.7865320e+01
   4.0795681e+01  -7.7865336e+01
   4.0795668e+01  -7.7865353e+01
   4.0795655e+01  -7.7865370e+01
   4.0795642e+01  -7.7865387e+01
   4.0795629e+01  -7.7865403e+01
   4.0795616e+01  -7.7865420e+01
   4.0795604e+01  -7.7865437e+01
   4.0795591e+01  -7.7865453e+01
   4.0795578e+01  -7.7865470e+01
   4.0795565e+01  -7.7865486e+01
   4.0795552e+01  -7.7865503e+01
   4.0795539e+01  -7.7865520e+01
   4.0795526e+01  -7.7865536e+01
   4.0795513e+01  -7.7865553e+01
   4.0795500e+01  -7.7865569e+01
   4.0795487e+01  -7.7865586e+01
   4.0795474e+01  -7.7865602e+01
   4.0795462e+01  -7.7865619e+01
   4.0795449e+01  -7.7865635e+01
   4.0795436e+01  -7.7865652e+01
   4.0795423e+01  -7.7865668e+01
   4.0795410e+01  -7.7865685e+01
   4.0795397e+01  -7.7865701e+01
   4.0795384e+01  -7.7865718e+01
   4.0795371e+01  -7.7865735e+01
   4.0795359e+01  -7.7865751e+01
   4.0795346e+01  -7.7865768e+01
   4.0795333e+01  -7.7865785e+01
   4.0795320e+01  -7.7865802e+01
   4.0795308e+01  -7.7865818e+01
   4.0795295e+01  -7.7865835e+01
   4.0795282e+01  -7.7865852e+01
   4.0795269e+01  -7.7865869e+01
   4.0795257e+01  -7.7865886e+01
   4.0795244e+01  -7.7865903e+01
   4.0795231e+01  -7.7865919e+01
   4.0795219e+01  -7.7865936e+01
   4.0795206e+01  -7.7865953e+01
   4.0795193e+01  -7.7865970e+01
   4.0795181e+01  -7.7865987e+01
   4.0795168e+01  -7.7866004e+01
   4.0795155e+01  -7.7866020e+01
   4.0795142e+01  -7.7866037e+01
   4.0795130e+01  -7.7866054e+01
   4.0795117e+01  -7.7866071e+01
   4.0795104e+01  -7.7866088e+01
   4.0795092e+01  -7.7866105e+01
   4.0795079e+01  -7.7866121e+01
   4.0795066e+01  -7.7866138e+01
   4.0795053e+01  -7.7866155e+01
   4.0795040e+01  -7.7866171e+01
   4.0795027e+01  -7.7866188e+01
   4.0795013e+01  -7.7866204e+01
   4.0795000e+01  -7.7866220e+01
   4.0794987e+01  -7.7866237e+01
   4.0794974e+01  -7.7866253e+01
   4.0794962e+01  -7.7866271e+01
   4.0794950e+01  -7.7866288e+01
   4.0794939e+01  -7.7866307e+01
   4.0794930e+01  -7.7866326e+01
   4.0794920e+01  -7.7866346e+01
   4.0794911e+01  -7.7866367e+01
   4.0794903e+01  -7.7866388e+01
   4.0794894e+01  -7.7866409e+01
   4.0794886e+01  -7.7866430e+01
   4.0794878e+01  -7.7866452e+01
   4.0794869e+01  -7.7866472e+01
   4.0794860e+01  -7.7866493e+01
   4.0794850e+01  -7.7866512e+01
   4.0794839e+01  -7.7866532e+01
   4.0794828e+01  -7.7866550e+01
   4.0794817e+01  -7.7866569e+01
   4.0794805e+01  -7.7866587e+01
   4.0794793e+01  -7.7866605e+01
   4.0794781e+01  -7.7866623e+01
   4.0794769e+01  -7.7866640e+01
   4.0794756e+01  -7.7866658e+01
   4.0794744e+01  -7.7866676e+01
   4.0794732e+01  -7.7866694e+01
   4.0794721e+01  -7.7866712e+01
   4.0794710e+01  -7.7866731e+01
   4.0794699e+01  -7.7866750e+01
   4.0794689e+01  -7.7866769e+01
   4.0794680e+01  -7.7866789e+01
   4.0794670e+01  -7.7866810e+01
   4.0794660e+01  -7.7866830e+01
   4.0794650e+01  -7.7866852e+01
   4.0794642e+01  -7.7866873e+01
   4.0794637e+01  -7.7866895e+01
   4.0794634e+01  -7.7866918e+01
   4.0794633e+01  -7.7866940e+01
   4.0794632e+01  -7.7866964e+01
   4.0794631e+01  -7.7866988e+01
   4.0794630e+01  -7.7867011e+01
   4.0794629e+01  -7.7867036e+01
   4.0794629e+01  -7.7867060e+01
   4.0794628e+01  -7.7867084e+01
   4.0794627e+01  -7.7867108e+01
   4.0794625e+01  -7.7867131e+01
   4.0794624e+01  -7.7867154e+01
   4.0794621e+01  -7.7867178e+01
   4.0794617e+01  -7.7867200e+01
   4.0794612e+01  -7.7867223e+01
   4.0794606e+01  -7.7867246e+01
   4.0794599e+01  -7.7867268e+01
   4.0794593e+01  -7.7867291e+01
   4.0794586e+01  -7.7867313e+01
   4.0794579e+01  -7.7867335e+01
   4.0794573e+01  -7.7867358e+01
   4.0794567e+01  -7.7867380e+01
   4.0794560e+01  -7.7867402e+01
   4.0794554e+01  -7.7867425e+01
   4.0794547e+01  -7.7867447e+01
   4.0794540e+01  -7.7867469e+01
   4.0794532e+01  -7.7867490e+01
   4.0794525e+01  -7.7867512e+01
   4.0794517e+01  -7.7867532e+01
   4.0794508e+01  -7.7867552e+01
   4.0794500e+01  -7.7867573e+01
   4.0794491e+01  -7.7867592e+01
   4.0794482e+01  -7.7867612e+01
   4.0794473e+01  -7.7867632e+01
   4.0794463e+01  -7.7867652e+01
   4.0794453e+01  -7.7867671e+01
   4.0794443e+01  -7.7867690e+01
   4.0794433e+01  -7.7867710e+01
   4.0794423e+01  -7.7867729e+01
   4.0794413e+01  -7.7867748e+01
   4.0794402e+01  -7.7867766e+01
   4.0794391e+01  -7.7867785e+01
   4.0794380e+01  -7.7867804e+01
   4.0794369e+01  -7.7867822e+01
   4.0794358e+01  -7.7867841e+01
   4.0794346e+01  -7.7867859e+01
   4.0794335e+01  -7.7867877e+01
   4.0794323e+01  -7.7867896e+01
   4.0794311e+01  -7.7867914e+01
   4.0794299e+01  -7.7867932e+01
   4.0794287e+01  -7.7867950e+01
   4.0794275e+01  -7.7867968e+01
   4.0794263e+01  -7.7867986e+01
   4.0794251e+01  -7.7868003e+01
   4.0794238e+01  -7.7868021e+01
   4.0794226e+01  -7.7868039e+01
   4.0794214e+01  -7.7868057e+01
   4.0794201e+01  -7.7868074e+01
   4.0794189e+01  -7.7868092e+01
   4.0794176e+01  -7.7868110e+01
   4.0794164e+01  -7.7868127e+01
   4.0794151e+01  -7.7868145e+01
   4.0794138e+01  -7.7868163e+01
   4.0794126e+01  -7.7868180e+01
   4.0794113e+01  -7.7868198e+01
   4.0794101e+01  -7.7868215e+01
   4.0794088e+01  -7.7868233e+01
   4.0794076e+01  -7.7868251e+01
   4.0794063e+01  -7.7868268e+01
   4.0794051e+01  -7.7868286e+01
   4.0794039e+01  -7.7868304e+01
   4.0794026e+01  -7.7868322e+01
   4.0794014e+01  -7.7868339e+01
   4.0794002e+01  -7.7868357e+01
   4.0793990e+01  -7.7868375e+01
   4.0793978e+01  -7.7868393e+01
   4.0793966e+01  -7.7868411e+01
   4.0793955e+01  -7.7868429e+01
   4.0793942e+01  -7.7868447e+01
   4.0793929e+01  -7.7868465e+01
   4.0793914e+01  -7.7868483e+01
   4.0793899e+01  -7.7868500e+01
   4.0793883e+01  -7.7868518e+01
   4.0793868e+01  -7.7868535e+01
   4.0793853e+01  -7.7868553e+01
   4.0793838e+01  -7.7868570e+01
   4.0793825e+01  -7.7868588e+01
   4.0793813e+01  -7.7868606e+01
   4.0793803e+01  -7.7868624e+01
   4.0793795e+01  -7.7868642e+01
   4.0793789e+01  -7.7868661e+01
   4.0793786e+01  -7.7868680e+01
   4.0793787e+01  -7.7868700e+01
   4.0793795e+01  -7.7868720e+01
   4.0793806e+01  -7.7868740e+01
   4.0793820e+01  -7.7868761e+01
   4.0793832e+01  -7.7868783e+01
   4.0793840e+01  -7.7868804e+01
   4.0793842e+01  -7.7868824e+01
   4.0793837e+01  -7.7868845e+01
   4.0793827e+01  -7.7868866e+01
   4.0793816e+01  -7.7868887e+01
   4.0793804e+01  -7.7868907e+01
   4.0793794e+01  -7.7868926e+01
   4.0793784e+01  -7.7868945e+01
   4.0793774e+01  -7.7868964e+01
   4.0793763e+01  -7.7868983e+01
   4.0793752e+01  -7.7869002e+01
   4.0793742e+01  -7.7869020e+01
   4.0793731e+01  -7.7869039e+01
   4.0793719e+01  -7.7869058e+01
   4.0793708e+01  -7.7869076e+01
   4.0793697e+01  -7.7869094e+01
   4.0793685e+01  -7.7869113e+01
   4.0793674e+01  -7.7869131e+01
   4.0793662e+01  -7.7869149e+01
   4.0793650e+01  -7.7869167e+01
   4.0793638e+01  -7.7869185e+01
   4.0793626e+01  -7.7869203e+01
   4.0793614e+01  -7.7869221e+01
   4.0793602e+01  -7.7869238e+01
   4.0793589e+01  -7.7869256e+01
   4.0793577e+01  -7.7869273e+01
   4.0793564e+01  -7.7869291e+01
   4.0793551e+01  -7.7869308e+01
   4.0793539e+01  -7.7869325e+01
   4.0793526e+01  -7.7869342e+01
   4.0793513e+01  -7.7869359e+01
   4.0793500e+01  -7.7869376e+01
   4.0793487e+01  -7.7869393e+01
   4.0793474e+01  -7.7869410e+01
   4.0793460e+01  -7.7869426e+01
   4.0793447e+01  -7.7869443e+01
   4.0793434e+01  -7.7869459e+01
   4.0793420e+01  -7.7869475e+01
   4.0793407e+01  -7.7869492e+01
   4.0793393e+01  -7.7869508e+01
   4.0793380e+01  -7.7869524e+01
   4.0793366e+01  -7.7869539e+01
   4.0793352e+01  -7.7869555e+01
   4.0793339e+01  -7.7869571e+01
   4.0793325e+01  -7.7869586e+01
   4.0793311e+01  -7.7869602e+01
   4.0793297e+01  -7.7869617e+01
   4.0793283e+01  -7.7869632e+01
   4.0793270e+01  -7.7869647e+01
   4.0793256e+01  -7.7869662e+01
   4.0793242e+01  -7.7869677e+01
   4.0793228e+01  -7.7869691e+01
   4.0793214e+01  -7.7869706e+01
   4.0793200e+01  -7.7869721e+01
   4.0793185e+01  -7.7869735e+01
   4.0793170e+01  -7.7869749e+01
   4.0793155e+01  -7.7869762e+01
   4.0793140e+01  -7.7869775e+01
   4.0793125e+01  -7.7869788e+01
   4.0793109e+01  -7.7869799e+01
   4.0793093e+01  -7.7869810e+01
   4.0793077e+01  -7.7869822e+01
   4.0793060e+01  -7.7869834e+01
   4.0793043e+01  -7.7869846e+01
   4.0793025e+01  -7.7869858e+01
   4.0793007e+01  -7.7869870e+01
   4.0792989e+01  -7.7869881e+01
   4.0792971e+01  -7.7869892e+01
   4.0792954e+01  -7.7869902e+01
   4.0792936e+01  -7.7869911e+01
   4.0792919e+01  -7.7869919e+01
   4.0792903e+01  -7.7869926e+01
   4.0792886e+01  -7.7869931e+01
   4.0792871e+01  -7.7869935e+01
   4.0792856e+01  -7.7869936e+01
   4.0792843e+01  -7.7869935e+01
   4.0792830e+01  -7.7869920e+01
   4.0792819e+01  -7.7869897e+01
   4.0792808e+01  -7.7869876e+01
   4.0792797e+01  -7.7869855e+01
   4.0792786e+01  -7.7869831e+01
   4.0792776e+01  -7.7869806e+01
   4.0792766e+01  -7.7869781e+01
   4.0792755e+01  -7.7869758e+01
   4.0792745e+01  -7.7869739e+01
   4.0792734e+01  -7.7869725e+01
   4.0792723e+01  -7.7869718e+01
   4.0792711e+01  -7.7869718e+01
   4.0792699e+01  -7.7869721e+01
   4.0792687e+01  -7.7869727e+01
   4.0792675e+01  -7.7869734e+01
   4.0792663e+01  -7.7869744e+01
   4.0792650e+01  -7.7869756e+01
   4.0792637e+01  -7.7869769e+01
   4.0792625e+01  -7.7869785e+01
   4.0792612e+01  -7.7869802e+01
   4.0792598e+01  -7.7869820e+01
   4.0792585e+01  -7.7869840e+01
   4.0792572e+01  -7.7869861e+01
   4.0792559e+01  -7.7869882e+01
   4.0792545e+01  -7.7869905e+01
   4.0792532e+01  -7.7869929e+01
   4.0792518e+01  -7.7869952e+01
   4.0792505e+01  -7.7869977e+01
   4.0792491e+01  -7.7870001e+01
   4.0792477e+01  -7.7870026e+01
   4.0792464e+01  -7.7870051e+01
   4.0792450e+01  -7.7870075e+01
   4.0792436e+01  -7.7870099e+01
   4.0792423e+01  -7.7870123e+01
   4.0792409e+01  -7.7870146e+01
   4.0792395e+01  -7.7870168e+01
   4.0792382e+01  -7.7870190e+01
   4.0792368e+01  -7.7870210e+01
   4.0792355e+01  -7.7870229e+01
   4.0792342e+01  -7.7870247e+01
   4.0792328e+01  -7.7870263e+01
   4.0792315e+01  -7.7870278e+01
   4.0792302e+01  -7.7870291e+01
   4.0792289e+01  -7.7870302e+01
   4.0792276e+01  -7.7870310e+01
   4.0792264e+01  -7.7870317e+01
   4.0792251e+01  -7.7870321e+01
   4.0792239e+01  -7.7870323e+01
   4.0792226e+01  -7.7870321e+01
   4.0792213e+01  -7.7870314e+01
   4.0792198e+01  -7.7870302e+01
   4.0792184e+01  -7.7870286e+01
   4.0792170e+01  -7.7870267e+01
   4.0792156e+01  -7.7870245e+01
   4.0792144e+01  -7.7870222e+01
   4.0792133e+01  -7.7870197e+01
   4.0792123e+01  -7.7870173e+01
   4.0792116e+01  -7.7870150e+01
   4.0792112e+01  -7.7870128e+01
   4.0792110e+01  -7.7870105e+01
   4.0792109e+01  -7.7870080e+01
   4.0792107e+01  -7.7870056e+01
   4.0792104e+01  -7.7870035e+01
   4.0792100e+01  -7.7870013e+01
   4.0792093e+01  -7.7869991e+01
   4.0792085e+01  -7.7869968e+01
   4.0792075e+01  -7.7869945e+01
   4.0792064e+01  -7.7869921e+01
   4.0792052e+01  -7.7869898e+01
   4.0792040e+01  -7.7869875e+01
   4.0792026e+01  -7.7869853e+01
   4.0792012e+01  -7.7869832e+01
   4.0791997e+01  -7.7869812e+01
   4.0791982e+01  -7.7869793e+01
   4.0791966e+01  -7.7869776e+01
   4.0791951e+01  -7.7869761e+01
   4.0791936e+01  -7.7869748e+01
   4.0791921e+01  -7.7869738e+01
   4.0791907e+01  -7.7869730e+01
   4.0791894e+01  -7.7869724e+01
   4.0791881e+01  -7.7869722e+01
   4.0791868e+01  -7.7869723e+01
   4.0791856e+01  -7.7869725e+01
   4.0791844e+01  -7.7869730e+01
   4.0791831e+01  -7.7869736e+01
   4.0791819e+01  -7.7869744e+01
   4.0791807e+01  -7.7869754e+01
   4.0791794e+01  -7.7869765e+01
   4.0791782e+01  -7.7869777e+01
   4.0791769e+01  -7.7869791e+01
   4.0791757e+01  -7.7869807e+01
   4.0791744e+01  -7.7869823e+01
   4.0791732e+01  -7.7869841e+01
   4.0791720e+01  -7.7869860e+01
   4.0791707e+01  -7.7869880e+01
   4.0791695e+01  -7.7869901e+01
   4.0791682e+01  -7.7869923e+01
   4.0791670e+01  -7.7869945e+01
   4.0791657e+01  -7.7869968e+01
   4.0791645e+01  -7.7869992e+01
   4.0791632e+01  -7.7870017e+01
   4.0791620e+01  -7.7870041e+01
   4.0791607e+01  -7.7870067e+01
   4.0791595e+01  -7.7870092e+01
   4.0791582e+01  -7.7870118e+01
   4.0791570e+01  -7.7870144e+01
   4.0791557e+01  -7.7870170e+01
   4.0791545e+01  -7.7870196e+01
   4.0791532e+01  -7.7870222e+01
   4.0791520e+01  -7.7870247e+01
   4.0791507e+01  -7.7870273e+01
   4.0791495e+01  -7.7870298e+01
   4.0791482e+01  -7.7870323e+01
   4.0791470e+01  -7.7870347e+01
   4.0791457e+01  -7.7870371e+01
   4.0791445e+01  -7.7870394e+01
   4.0791432e+01  -7.7870416e+01
   4.0791420e+01  -7.7870438e+01
   4.0791407e+01  -7.7870458e+01
   4.0791395e+01  -7.7870478e+01
   4.0791382e+01  -7.7870497e+01
   4.0791370e+01  -7.7870514e+01
   4.0791357e+01  -7.7870531e+01
   4.0791345e+01  -7.7870546e+01
   4.0791333e+01  -7.7870559e+01
   4.0791320e+01  -7.7870572e+01
   4.0791308e+01  -7.7870582e+01
   4.0791295e+01  -7.7870592e+01
   4.0791283e+01  -7.7870599e+01
   4.0791270e+01  -7.7870605e+01
   4.0791258e+01  -7.7870609e+01
   4.0791246e+01  -7.7870611e+01
   4.0791233e+01  -7.7870611e+01
   4.0791221e+01  -7.7870609e+01
   4.0791209e+01  -7.7870606e+01
   4.0791196e+01  -7.7870600e+01
   4.0791184e+01  -7.7870594e+01
   4.0791172e+01  -7.7870585e+01
   4.0791159e+01  -7.7870575e+01
   4.0791147e+01  -7.7870564e+01
   4.0791135e+01  -7.7870551e+01
   4.0791122e+01  -7.7870537e+01
   4.0791110e+01  -7.7870522e+01
   4.0791098e+01  -7.7870505e+01
   4.0791086e+01  -7.7870488e+01
   4.0791073e+01  -7.7870469e+01
   4.0791061e+01  -7.7870449e+01
   4.0791049e+01  -7.7870428e+01
   4.0791037e+01  -7.7870406e+01
   4.0791025e+01  -7.7870383e+01
   4.0791012e+01  -7.7870359e+01
   4.0791000e+01  -7.7870334e+01
   4.0790988e+01  -7.7870309e+01
   4.0790976e+01  -7.7870283e+01
   4.0790964e+01  -7.7870256e+01
   4.0790951e+01  -7.7870229e+01
   4.0790939e+01  -7.7870201e+01
   4.0790927e+01  -7.7870172e+01